index,label
0,4
1,2
2,2
3,2
4,3
4,3
4,3
5,2
6,1
6,1
6,1
6,1
7,2
8,1
9,2
10,2
11,3
11,3
11,3
11,3
12,3
13,2
14,2
15,1
15,1
15,1
15,1
16,2
17,3
17,3
18,2
19,2
20,2
21,2
22,2
23,1
23,1
23,1
23,1
23,1
23,1
24,2
25,1
26,2
27,2
28,0
28,0
28,0
28,0
28,0
28,0
28,0
28,0
28,0
28,0
28,0
28,0
28,0
28,0
28,0
28,0
28,0
28,0
29,2
30,1
30,1
30,1
31,2
32,2
33,2
34,2
35,0
35,0
35,0
35,0
35,0
36,3
36,3
36,3
36,3
36,3
36,3
36,3
36,3
36,3
36,3
36,3
36,3
36,3
37,3
38,2
39,0
40,3
41,4
41,4
41,4
41,4
41,4
41,4
41,4
41,4
41,4
41,4
41,4
41,4
41,4
41,4
41,4
41,4
41,4
41,4
41,4
41,4
41,4
41,4
41,4
42,2
43,2
44,4
44,4
45,2
46,1
46,1
46,1
46,1
46,1
46,1
46,1
46,1
47,4
48,4
49,2
50,1
51,2
52,2
53,0
53,0
53,0
53,0
53,0
53,0
54,2
55,0
56,2
57,2
58,2
59,1
59,1
59,1
59,1
59,1
59,1
60,2
61,2
62,1
62,1
63,2
64,2
65,2
66,2
67,2
68,2
69,2
70,2
71,2
72,2
73,2
74,2
75,2
76,2
77,2
78,3
78,3
78,3
78,3
78,3
78,3
78,3
78,3
78,3
78,3
78,3
78,3
78,3
78,3
78,3
78,3
78,3
78,3
78,3
78,3
78,3
78,3
78,3
78,3
78,3
78,3
79,1
79,1
79,1
79,1
79,1
79,1
79,1
79,1
79,1
79,1
79,1
79,1
79,1
79,1
79,1
80,2
81,2
82,3
82,3
83,3
84,3
85,3
86,2
87,2
88,2
89,2
90,2
91,2
92,2
93,1
93,1
93,1
93,1
93,1
93,1
93,1
93,1
93,1
94,1
95,2
96,3
96,3
96,3
96,3
96,3
97,1
98,1
99,3
100,2
101,2
102,2
103,2
104,2
105,1
105,1
105,1
106,2
107,3
107,3
107,3
107,3
107,3
108,2
109,1
109,1
110,4
110,4
110,4
110,4
110,4
110,4
110,4
110,4
110,4
110,4
110,4
110,4
110,4
110,4
110,4
110,4
110,4
110,4
110,4
110,4
110,4
110,4
110,4
110,4
110,4
110,4
110,4
110,4
110,4
110,4
110,4
110,4
110,4
110,4
110,4
110,4
110,4
110,4
110,4
110,4
111,2
112,2
113,3
113,3
113,3
114,1
114,1
115,1
116,1
117,1
118,1
119,2
120,1
121,4
121,4
121,4
122,4
123,2
124,2
125,2
126,3
126,3
126,3
126,3
127,2
128,2
129,3
129,3
130,2
131,3
132,2
133,2
134,4
134,4
134,4
134,4
134,4
134,4
134,4
135,1
135,1
135,1
135,1
136,1
137,1
138,1
139,3
139,3
140,3
141,2
142,2
143,2
144,2
145,2
146,2
147,2
148,2
149,2
150,2
151,2
152,2
153,3
153,3
153,3
153,3
153,3
153,3
153,3
153,3
153,3
153,3
153,3
154,3
155,1
155,1
155,1
155,1
155,1
155,1
155,1
155,1
155,1
156,1
157,2
158,2
159,3
160,2
161,1
161,1
162,2
163,1
164,3
164,3
165,2
166,2
167,2
168,1
168,1
168,1
169,2
170,3
170,3
170,3
170,3
171,3
172,2
173,3
174,2
175,3
176,1
176,1
176,1
177,2
178,1
179,2
180,2
181,1
181,1
182,1
183,3
183,3
184,1
185,3
186,2
187,2
188,2
189,0
189,0
189,0
189,0
189,0
189,0
189,0
189,0
189,0
189,0
189,0
189,0
189,0
189,0
189,0
189,0
189,0
189,0
189,0
189,0
189,0
189,0
189,0
189,0
189,0
189,0
189,0
189,0
189,0
189,0
189,0
189,0
189,0
189,0
189,0
189,0
189,0
189,0
189,0
189,0
189,0
189,0
189,0
189,0
189,0
189,0
189,0
189,0
189,0
189,0
189,0
189,0
189,0
189,0
189,0
189,0
189,0
189,0
189,0
189,0
189,0
189,0
189,0
189,0
189,0
189,0
189,0
189,0
189,0
189,0
189,0
189,0
189,0
189,0
189,0
189,0
190,0
191,2
192,3
192,3
192,3
193,1
193,1
194,3
195,1
196,2
197,2
198,1
199,2
200,2
201,3
201,3
201,3
202,0
202,0
202,0
202,0
203,1
203,1
204,2
205,3
206,1
207,2
208,1
209,2
210,2
211,2
212,2
213,2
214,2
215,2
216,1
216,1
216,1
216,1
216,1
216,1
216,1
217,2
218,2
219,2
220,2
221,3
221,3
221,3
221,3
221,3
221,3
221,3
221,3
221,3
221,3
221,3
221,3
222,1
222,1
222,1
222,1
223,2
224,2
225,3
225,3
226,2
227,2
228,2
229,2
230,2
231,2
232,2
233,2
234,2
235,2
236,3
236,3
236,3
236,3
236,3
236,3
236,3
236,3
236,3
236,3
237,2
238,2
239,1
239,1
239,1
239,1
239,1
239,1
239,1
239,1
239,1
239,1
239,1
239,1
239,1
239,1
240,1
241,3
241,3
242,2
243,2
244,1
245,2
246,2
247,2
248,0
248,0
248,0
248,0
248,0
248,0
248,0
248,0
248,0
248,0
248,0
248,0
248,0
248,0
248,0
248,0
248,0
248,0
248,0
248,0
248,0
248,0
248,0
248,0
248,0
248,0
248,0
248,0
248,0
248,0
248,0
248,0
249,2
250,1
250,1
250,1
250,1
251,1
252,3
252,3
252,3
252,3
252,3
252,3
253,2
254,1
255,2
256,2
257,2
258,3
258,3
258,3
258,3
259,1
259,1
260,2
261,1
262,2
263,1
264,4
264,4
264,4
264,4
264,4
264,4
264,4
264,4
264,4
264,4
264,4
264,4
264,4
264,4
264,4
264,4
264,4
264,4
264,4
264,4
264,4
264,4
264,4
264,4
264,4
264,4
264,4
264,4
264,4
264,4
264,4
264,4
264,4
264,4
264,4
264,4
264,4
264,4
264,4
264,4
264,4
264,4
264,4
264,4
264,4
264,4
264,4
264,4
264,4
264,4
264,4
264,4
264,4
264,4
264,4
264,4
264,4
264,4
264,4
264,4
264,4
264,4
264,4
264,4
264,4
264,4
264,4
264,4
264,4
264,4
264,4
264,4
265,2
266,2
267,3
267,3
267,3
267,3
268,2
269,2
270,2
271,1
271,1
271,1
271,1
271,1
272,2
273,2
274,2
275,2
276,2
277,2
278,1
278,1
278,1
278,1
278,1
278,1
279,2
280,2
281,2
282,2
283,2
284,2
285,2
286,2
287,1
287,1
287,1
287,1
287,1
287,1
287,1
287,1
288,2
289,2
290,2
291,2
292,3
292,3
292,3
292,3
292,3
292,3
292,3
292,3
292,3
292,3
292,3
292,3
292,3
292,3
292,3
292,3
292,3
292,3
292,3
292,3
292,3
293,2
294,2
295,0
295,0
295,0
295,0
295,0
295,0
295,0
295,0
295,0
295,0
295,0
295,0
295,0
295,0
295,0
295,0
295,0
295,0
295,0
295,0
295,0
295,0
295,0
295,0
295,0
295,0
295,0
295,0
295,0
295,0
295,0
295,0
296,1
296,1
296,1
296,1
296,1
296,1
297,3
297,3
298,2
299,2
300,2
301,3
301,3
301,3
302,1
302,1
302,1
303,2
304,1
305,2
306,1
307,2
308,3
308,3
308,3
309,2
310,1
310,1
311,2
312,2
313,2
314,2
315,2
316,2
317,1
317,1
317,1
317,1
317,1
317,1
318,4
318,4
318,4
318,4
318,4
318,4
318,4
318,4
318,4
318,4
318,4
318,4
318,4
318,4
318,4
318,4
318,4
318,4
318,4
318,4
318,4
318,4
318,4
318,4
318,4
318,4
318,4
318,4
318,4
318,4
318,4
318,4
318,4
318,4
318,4
318,4
318,4
318,4
319,2
320,2
321,2
322,2
323,2
324,2
325,0
325,0
325,0
325,0
325,0
325,0
325,0
325,0
325,0
325,0
325,0
325,0
325,0
325,0
325,0
325,0
325,0
325,0
325,0
326,2
327,3
327,3
327,3
327,3
327,3
327,3
327,3
327,3
327,3
327,3
327,3
327,3
327,3
327,3
328,2
329,2
330,2
331,3
331,3
331,3
332,1
332,1
332,1
332,1
332,1
332,1
332,1
332,1
332,1
332,1
333,1
334,3
335,1
336,3
337,2
338,3
339,2
340,2
341,1
342,3
343,2
344,1
345,2
346,4
346,4
346,4
346,4
346,4
346,4
346,4
346,4
346,4
346,4
346,4
346,4
346,4
346,4
346,4
347,2
348,3
348,3
349,1
349,1
350,2
351,2
352,2
353,2
354,2
355,3
355,3
355,3
355,3
355,3
356,2
357,2
358,2
359,2
360,2
361,2
362,2
363,2
364,2
365,3
365,3
365,3
365,3
365,3
365,3
365,3
365,3
365,3
366,1
366,1
366,1
366,1
366,1
366,1
366,1
366,1
366,1
366,1
366,1
366,1
366,1
366,1
367,2
368,3
369,2
370,3
371,4
371,4
371,4
371,4
371,4
371,4
371,4
371,4
371,4
371,4
371,4
371,4
371,4
371,4
371,4
371,4
371,4
372,2
373,2
374,1
374,1
374,1
374,1
375,2
376,2
377,2
378,2
379,3
379,3
379,3
379,3
379,3
379,3
380,2
381,2
382,4
382,4
382,4
382,4
382,4
382,4
382,4
382,4
383,2
384,4
385,2
386,3
386,3
386,3
386,3
387,3
388,4
389,2
390,2
391,2
392,0
392,0
392,0
392,0
392,0
392,0
392,0
392,0
392,0
392,0
392,0
392,0
392,0
392,0
392,0
392,0
392,0
392,0
392,0
392,0
392,0
392,0
392,0
392,0
392,0
392,0
392,0
392,0
392,0
392,0
392,0
392,0
392,0
392,0
392,0
392,0
392,0
392,0
392,0
393,1
393,1
393,1
393,1
393,1
393,1
393,1
393,1
393,1
393,1
393,1
394,2
395,3
395,3
395,3
396,2
397,2
398,3
398,3
399,2
400,2
401,2
402,2
403,2
404,1
404,1
404,1
404,1
404,1
404,1
404,1
404,1
405,2
406,2
407,2
408,4
408,4
408,4
408,4
408,4
408,4
408,4
408,4
408,4
408,4
408,4
408,4
408,4
408,4
409,1
409,1
409,1
410,4
411,3
411,3
411,3
411,3
411,3
411,3
411,3
411,3
412,1
413,2
414,2
415,2
416,1
416,1
417,2
418,3
418,3
418,3
418,3
419,1
420,2
421,2
422,1
422,1
423,2
424,2
425,2
426,2
427,2
428,2
429,2
430,2
431,3
431,3
431,3
431,3
431,3
431,3
431,3
431,3
431,3
431,3
432,2
433,3
434,2
435,3
436,2
437,1
437,1
437,1
437,1
437,1
437,1
437,1
437,1
437,1
437,1
437,1
438,1
439,0
439,0
439,0
439,0
439,0
439,0
439,0
439,0
439,0
439,0
439,0
439,0
439,0
439,0
439,0
439,0
439,0
439,0
439,0
439,0
439,0
439,0
439,0
439,0
439,0
439,0
439,0
439,0
440,1
441,1
442,2
443,0
444,1
445,2
446,2
447,3
447,3
447,3
447,3
448,2
449,2
450,2
451,2
452,2
453,2
454,3
454,3
454,3
454,3
454,3
454,3
455,4
455,4
455,4
455,4
455,4
455,4
455,4
455,4
455,4
455,4
455,4
455,4
455,4
455,4
455,4
455,4
455,4
455,4
455,4
455,4
455,4
455,4
455,4
455,4
455,4
456,1
456,1
456,1
456,1
456,1
457,1
458,3
459,3
460,2
461,2
462,2
463,3
464,0
464,0
464,0
464,0
464,0
464,0
464,0
464,0
464,0
464,0
464,0
465,2
466,2
467,1
467,1
467,1
467,1
468,0
468,0
469,4
469,4
469,4
469,4
469,4
470,4
471,0
472,2
473,2
474,2
475,4
475,4
476,2
477,0
477,0
477,0
478,2
479,0
480,4
480,4
481,2
482,4
483,4
484,4
485,1
485,1
485,1
485,1
485,1
485,1
486,4
487,4
488,3
488,3
488,3
488,3
488,3
488,3
488,3
488,3
489,1
490,1
491,1
492,3
493,1
494,4
495,3
496,0
497,2
498,2
499,2
500,2
501,3
501,3
502,2
503,2
504,2
505,2
506,2
507,2
508,2
509,3
509,3
509,3
509,3
509,3
509,3
509,3
510,3
511,2
512,3
513,1
513,1
513,1
513,1
513,1
513,1
513,1
513,1
514,2
515,1
516,2
517,2
518,2
519,4
519,4
519,4
519,4
519,4
519,4
519,4
519,4
519,4
519,4
519,4
520,3
520,3
520,3
521,2
522,3
523,2
524,1
524,1
524,1
524,1
524,1
525,2
526,1
527,3
527,3
528,3
529,2
530,2
531,3
532,1
532,1
533,3
534,2
535,1
536,1
537,3
538,2
539,4
539,4
539,4
539,4
539,4
539,4
539,4
540,3
541,3
542,3
543,2
544,2
545,3
546,0
546,0
546,0
546,0
546,0
546,0
546,0
546,0
546,0
546,0
546,0
546,0
546,0
546,0
546,0
546,0
546,0
546,0
546,0
546,0
546,0
546,0
546,0
546,0
546,0
547,2
548,4
548,4
548,4
549,0
550,2
551,1
551,1
551,1
551,1
552,2
553,1
554,3
555,2
556,2
557,3
557,3
558,3
559,2
560,2
561,2
562,2
563,2
564,2
565,2
566,1
566,1
566,1
566,1
566,1
566,1
566,1
566,1
566,1
567,2
568,2
569,2
570,3
570,3
570,3
570,3
570,3
570,3
570,3
570,3
570,3
571,2
572,2
573,2
574,2
575,2
576,1
576,1
576,1
576,1
576,1
576,1
576,1
576,1
577,2
578,3
578,3
578,3
578,3
578,3
578,3
579,3
580,1
581,3
582,2
583,3
584,3
585,2
586,2
587,2
588,2
589,2
590,1
590,1
590,1
590,1
590,1
590,1
591,2
592,1
593,3
593,3
593,3
594,2
595,1
596,2
597,3
597,3
598,2
599,2
600,1
600,1
600,1
601,1
602,3
602,3
603,1
604,1
605,4
605,4
605,4
605,4
605,4
605,4
605,4
605,4
605,4
605,4
605,4
605,4
605,4
605,4
605,4
605,4
605,4
605,4
605,4
605,4
605,4
605,4
605,4
605,4
605,4
605,4
605,4
605,4
605,4
605,4
605,4
606,0
606,0
606,0
606,0
606,0
606,0
606,0
606,0
606,0
606,0
606,0
606,0
606,0
606,0
606,0
606,0
606,0
606,0
606,0
606,0
606,0
606,0
606,0
606,0
606,0
606,0
606,0
606,0
606,0
606,0
606,0
607,1
608,3
609,2
610,2
611,3
612,1
613,3
614,2
615,4
615,4
615,4
616,2
617,2
618,2
619,2
620,2
621,4
621,4
621,4
621,4
621,4
622,4
623,0
623,0
623,0
623,0
623,0
623,0
623,0
623,0
624,0
625,2
626,1
626,1
626,1
626,1
627,2
628,2
629,2
630,0
630,0
630,0
631,4
631,4
631,4
632,4
633,3
633,3
633,3
633,3
633,3
633,3
633,3
633,3
633,3
634,3
635,2
636,0
637,0
638,3
639,2
640,2
641,2
642,2
643,2
644,2
645,4
645,4
645,4
645,4
645,4
645,4
646,0
646,0
646,0
646,0
646,0
647,2
648,3
648,3
648,3
648,3
648,3
648,3
649,0
650,3
651,3
652,4
653,1
653,1
653,1
653,1
653,1
653,1
653,1
653,1
653,1
653,1
653,1
654,4
655,3
656,1
657,4
658,1
659,2
660,2
661,3
662,1
663,2
664,3
665,2
666,2
667,2
668,0
668,0
668,0
668,0
668,0
668,0
669,4
669,4
669,4
669,4
670,1
670,1
670,1
671,2
672,1
673,2
674,1
675,4
675,4
676,0
676,0
677,1
678,2
679,2
680,4
680,4
681,1
682,2
683,0
683,0
683,0
684,3
684,3
684,3
684,3
684,3
684,3
685,2
686,2
687,2
688,3
688,3
688,3
689,2
690,0
690,0
690,0
690,0
691,0
692,1
692,1
692,1
692,1
692,1
693,2
694,1
695,4
695,4
695,4
695,4
695,4
695,4
696,2
697,2
698,1
698,1
699,3
699,3
699,3
699,3
700,3
701,3
702,2
703,2
704,1
704,1
705,2
706,4
706,4
706,4
706,4
706,4
707,2
708,1
708,1
709,2
710,2
711,2
712,2
713,1
713,1
713,1
713,1
714,2
715,4
715,4
715,4
715,4
715,4
715,4
716,1
717,2
718,3
718,3
718,3
718,3
718,3
718,3
718,3
718,3
719,2
720,2
721,2
722,2
723,2
724,2
725,3
725,3
725,3
725,3
725,3
725,3
726,2
727,3
728,2
729,1
729,1
729,1
729,1
729,1
729,1
729,1
729,1
729,1
730,3
731,1
732,1
733,3
734,2
735,4
735,4
735,4
735,4
735,4
735,4
735,4
735,4
735,4
735,4
736,2
737,1
738,1
739,2
740,2
741,3
741,3
741,3
742,3
743,2
744,1
745,3
746,0
746,0
746,0
746,0
746,0
746,0
746,0
746,0
746,0
746,0
746,0
746,0
746,0
746,0
746,0
746,0
746,0
746,0
746,0
746,0
746,0
746,0
746,0
746,0
746,0
747,1
748,1
749,1
750,3
751,0
752,1
753,1
754,3
755,2
756,1
757,1
758,1
759,0
760,1
761,4
761,4
761,4
761,4
761,4
762,1
763,3
764,2
765,3
766,4
767,3
768,3
769,1
770,1
771,1
772,2
773,3
774,1
775,2
776,2
777,2
778,2
779,3
780,2
781,1
782,1
783,3
784,3
785,0
785,0
785,0
785,0
785,0
785,0
786,2
787,2
788,2
789,2
790,3
791,2
792,2
793,1
794,3
794,3
795,3
796,2
797,1
798,0
798,0
798,0
798,0
798,0
798,0
798,0
799,3
800,2
801,3
802,1
803,4
803,4
803,4
803,4
803,4
803,4
803,4
803,4
803,4
803,4
803,4
803,4
803,4
803,4
804,2
805,2
806,2
807,2
808,2
809,2
810,3
810,3
810,3
810,3
810,3
811,2
812,0
812,0
812,0
812,0
812,0
812,0
812,0
812,0
813,1
813,1
813,1
813,1
814,2
815,2
816,2
817,0
817,0
817,0
818,4
818,4
818,4
818,4
818,4
818,4
818,4
818,4
818,4
818,4
819,4
820,0
821,3
821,3
821,3
821,3
822,2
823,4
824,2
825,1
825,1
825,1
825,1
825,1
826,0
827,2
828,4
829,3
829,3
829,3
830,4
831,2
832,2
833,2
834,0
834,0
834,0
834,0
835,3
835,3
835,3
836,2
837,2
838,3
838,3
839,1
839,1
839,1
839,1
839,1
839,1
840,2
841,2
842,2
843,3
843,3
843,3
844,3
845,2
846,1
846,1
846,1
846,1
847,1
848,1
849,1
850,2
851,2
852,1
853,4
853,4
853,4
853,4
853,4
853,4
853,4
853,4
853,4
853,4
854,2
855,4
856,4
857,0
857,0
857,0
857,0
857,0
857,0
857,0
857,0
857,0
858,1
859,3
859,3
859,3
860,2
861,4
862,2
863,1
864,3
864,3
865,1
866,2
867,2
868,0
868,0
868,0
868,0
869,4
869,4
870,3
870,3
871,2
872,1
873,2
874,2
875,3
875,3
875,3
876,2
877,3
878,3
879,3
880,0
880,0
880,0
880,0
881,2
882,2
883,2
884,0
884,0
884,0
885,3
886,1
886,1
886,1
886,1
886,1
886,1
887,4
887,4
887,4
887,4
887,4
887,4
887,4
888,2
889,4
890,0
891,1
892,0
893,3
894,3
895,3
896,0
897,3
898,3
899,1
900,0
901,1
902,1
903,1
904,4
905,3
906,2
907,3
908,1
909,0
910,2
911,3
912,0
913,3
914,3
915,1
916,4
917,0
918,1
919,2
920,0
921,4
922,1
923,1
924,0
925,3
926,1
927,1
928,1
929,4
930,1
931,1
932,2
933,2
934,4
935,2
936,2
937,1
938,1
939,3
940,2
941,2
942,1
943,0
944,3
945,0
946,0
947,0
948,3
949,2
950,0
951,3
952,4
952,4
952,4
952,4
952,4
953,2
954,2
955,2
956,2
957,1
958,2
959,2
960,3
960,3
961,3
962,2
963,1
964,4
964,4
964,4
964,4
964,4
964,4
964,4
965,4
966,2
967,4
968,1
969,4
970,1
971,0
971,0
971,0
971,0
971,0
972,4
973,0
974,2
975,3
975,3
976,3
977,3
978,3
979,1
980,4
981,0
982,2
983,2
984,1
985,1
986,2
987,3
988,1
989,1
990,0
990,0
991,2
992,2
993,3
994,3
995,0
995,0
996,2
997,0
998,3
999,2
1000,3
1001,2
1002,2
1003,3
1004,2
1005,2
1006,0
1006,0
1006,0
1006,0
1006,0
1007,2
1008,2
1009,3
1009,3
1009,3
1009,3
1010,0
1010,0
1011,1
1011,1
1011,1
1011,1
1011,1
1011,1
1012,3
1013,4
1013,4
1013,4
1013,4
1013,4
1013,4
1013,4
1013,4
1013,4
1013,4
1014,2
1015,3
1016,2
1017,3
1018,2
1019,2
1020,1
1020,1
1020,1
1020,1
1021,2
1022,2
1023,2
1024,3
1024,3
1024,3
1024,3
1025,1
1025,1
1025,1
1026,2
1027,2
1028,1
1028,1
1029,3
1029,3
1030,2
1031,2
1032,2
1033,2
1034,3
1034,3
1034,3
1034,3
1035,1
1035,1
1035,1
1035,1
1036,3
1037,1
1038,0
1038,0
1038,0
1038,0
1038,0
1038,0
1038,0
1038,0
1038,0
1038,0
1038,0
1038,0
1038,0
1039,2
1040,2
1041,3
1042,2
1043,1
1043,1
1044,2
1045,3
1045,3
1046,1
1047,3
1048,1
1049,2
1050,3
1051,3
1052,2
1053,1
1054,1
1055,4
1055,4
1055,4
1055,4
1055,4
1055,4
1055,4
1055,4
1055,4
1055,4
1055,4
1055,4
1055,4
1055,4
1055,4
1055,4
1055,4
1055,4
1055,4
1056,2
1057,1
1058,1
1059,1
1060,4
1061,2
1062,4
1063,4
1064,1
1065,1
1066,1
1067,3
1068,0
1068,0
1068,0
1068,0
1068,0
1068,0
1068,0
1068,0
1069,2
1070,3
1071,1
1072,2
1073,2
1074,2
1075,2
1076,2
1077,1
1078,1
1079,1
1080,2
1081,3
1081,3
1081,3
1081,3
1081,3
1081,3
1082,2
1083,1
1084,2
1085,2
1086,2
1087,2
1088,1
1088,1
1089,3
1089,3
1089,3
1089,3
1089,3
1090,3
1091,3
1092,2
1093,2
1094,4
1094,4
1094,4
1094,4
1094,4
1094,4
1094,4
1094,4
1094,4
1094,4
1094,4
1094,4
1094,4
1095,2
1096,1
1096,1
1096,1
1097,1
1098,2
1099,1
1100,2
1101,2
1102,1
1103,3
1103,3
1103,3
1103,3
1104,4
1104,4
1104,4
1104,4
1105,2
1106,1
1107,1
1108,2
1109,2
1110,1
1111,3
1111,3
1111,3
1112,3
1113,1
1114,1
1115,1
1116,4
1116,4
1116,4
1117,3
1118,3
1119,1
1120,3
1121,1
1122,1
1123,1
1124,3
1125,2
1126,4
1127,1
1128,4
1129,2
1130,0
1130,0
1130,0
1130,0
1130,0
1130,0
1130,0
1130,0
1130,0
1130,0
1130,0
1130,0
1130,0
1130,0
1130,0
1130,0
1130,0
1130,0
1130,0
1130,0
1130,0
1130,0
1130,0
1131,3
1132,3
1133,4
1134,2
1135,0
1136,0
1137,4
1138,0
1139,2
1140,2
1141,1
1142,1
1143,0
1144,2
1145,1
1146,2
1147,1
1148,2
1149,2
1150,2
1151,2
1152,3
1152,3
1152,3
1152,3
1153,2
1154,1
1155,3
1156,2
1157,2
1158,4
1158,4
1158,4
1158,4
1158,4
1158,4
1158,4
1158,4
1158,4
1158,4
1159,3
1159,3
1160,2
1161,1
1161,1
1162,2
1163,2
1164,3
1164,3
1164,3
1165,1
1165,1
1166,1
1167,1
1168,1
1169,2
1170,0
1170,0
1170,0
1170,0
1170,0
1170,0
1170,0
1170,0
1170,0
1170,0
1170,0
1170,0
1171,2
1172,2
1173,2
1174,3
1174,3
1174,3
1174,3
1175,1
1176,3
1177,1
1178,0
1178,0
1178,0
1179,2
1180,2
1181,2
1182,0
1182,0
1182,0
1183,1
1183,1
1184,3
1184,3
1185,1
1186,0
1187,2
1188,1
1189,2
1190,2
1191,1
1192,2
1193,1
1194,1
1195,0
1195,0
1195,0
1196,0
1197,3
1197,3
1197,3
1197,3
1198,0
1199,1
1200,4
1200,4
1200,4
1200,4
1200,4
1200,4
1200,4
1200,4
1200,4
1200,4
1200,4
1200,4
1200,4
1200,4
1201,0
1202,3
1203,1
1204,3
1205,0
1206,1
1207,2
1208,3
1209,2
1210,2
1211,2
1212,3
1213,2
1214,2
1215,3
1215,3
1216,2
1217,2
1218,2
1219,2
1220,2
1221,3
1221,3
1221,3
1221,3
1221,3
1222,3
1223,2
1224,2
1225,3
1226,3
1227,3
1228,3
1229,2
1230,1
1230,1
1230,1
1230,1
1230,1
1230,1
1230,1
1230,1
1230,1
1230,1
1231,2
1232,1
1233,2
1234,0
1234,0
1234,0
1234,0
1234,0
1234,0
1234,0
1234,0
1234,0
1234,0
1234,0
1234,0
1235,1
1236,1
1237,3
1238,1
1239,3
1240,2
1241,2
1242,2
1243,4
1243,4
1243,4
1243,4
1243,4
1243,4
1243,4
1243,4
1243,4
1243,4
1243,4
1243,4
1243,4
1243,4
1243,4
1243,4
1243,4
1243,4
1243,4
1244,2
1245,3
1245,3
1246,2
1247,0
1247,0
1247,0
1247,0
1247,0
1248,4
1248,4
1249,3
1250,1
1250,1
1250,1
1251,0
1252,2
1253,4
1254,1
1255,1
1256,2
1257,1
1258,3
1258,3
1259,0
1260,4
1261,3
1262,2
1263,3
1264,3
1265,2
1266,2
1267,4
1267,4
1267,4
1268,0
1268,0
1268,0
1269,0
1270,3
1271,4
1272,2
1273,0
1274,1
1274,1
1274,1
1275,3
1276,4
1277,1
1278,4
1279,3
1280,2
1281,1
1282,1
1283,4
1284,3
1285,4
1286,4
1287,4
1288,1
1289,2
1290,2
1291,0
1291,0
1292,2
1293,0
1294,2
1295,3
1295,3
1296,2
1297,0
1297,0
1298,2
1299,3
1299,3
1300,4
1301,1
1301,1
1301,1
1302,2
1303,2
1304,0
1304,0
1304,0
1305,1
1305,1
1306,4
1306,4
1307,1
1308,0
1309,2
1310,2
1311,2
1312,3
1312,3
1312,3
1312,3
1312,3
1313,2
1314,3
1315,2
1316,1
1316,1
1316,1
1316,1
1317,2
1318,0
1318,0
1318,0
1318,0
1318,0
1319,0
1320,1
1321,0
1322,2
1323,0
1324,0
1325,3
1325,3
1325,3
1326,3
1327,3
1328,2
1329,3
1330,4
1330,4
1330,4
1330,4
1330,4
1330,4
1330,4
1330,4
1331,2
1332,1
1332,1
1332,1
1333,4
1334,1
1335,4
1336,3
1337,3
1338,3
1339,3
1340,2
1341,3
1342,4
1343,3
1344,0
1345,2
1346,4
1347,4
1348,2
1349,4
1350,1
1350,1
1351,2
1352,3
1353,0
1353,0
1354,1
1355,4
1356,1
1357,0
1358,4
1359,0
1360,2
1361,2
1362,4
1363,2
1364,2
1365,1
1365,1
1365,1
1366,2
1367,1
1368,3
1369,3
1370,2
1371,1
1372,2
1373,1
1374,3
1375,1
1376,3
1377,2
1378,4
1378,4
1378,4
1378,4
1379,2
1380,1
1381,2
1382,2
1383,0
1383,0
1383,0
1383,0
1383,0
1383,0
1383,0
1383,0
1383,0
1384,2
1385,2
1386,2
1387,1
1387,1
1387,1
1387,1
1387,1
1388,2
1389,2
1390,2
1391,3
1391,3
1391,3
1391,3
1391,3
1391,3
1391,3
1391,3
1391,3
1392,4
1392,4
1392,4
1392,4
1392,4
1392,4
1392,4
1392,4
1392,4
1393,0
1393,0
1393,0
1393,0
1393,0
1393,0
1394,4
1395,3
1396,3
1397,0
1398,2
1399,4
1400,4
1401,3
1402,0
1403,1
1403,1
1403,1
1403,1
1404,1
1405,3
1406,1
1407,2
1408,2
1409,2
1410,2
1411,4
1411,4
1412,1
1412,1
1413,1
1414,1
1415,3
1416,4
1417,2
1418,1
1419,2
1420,4
1421,3
1421,3
1422,2
1423,0
1423,0
1423,0
1423,0
1423,0
1423,0
1424,2
1425,0
1426,1
1427,2
1428,0
1429,2
1430,2
1431,2
1432,1
1432,1
1432,1
1432,1
1433,2
1434,3
1434,3
1434,3
1434,3
1434,3
1434,3
1434,3
1435,2
1436,2
1437,2
1438,2
1439,3
1439,3
1439,3
1439,3
1440,2
1441,1
1441,1
1441,1
1441,1
1441,1
1441,1
1442,1
1443,3
1444,3
1445,1
1446,2
1447,0
1447,0
1447,0
1447,0
1447,0
1447,0
1447,0
1447,0
1447,0
1447,0
1448,1
1449,2
1450,2
1451,4
1451,4
1451,4
1451,4
1451,4
1451,4
1451,4
1451,4
1451,4
1451,4
1451,4
1451,4
1451,4
1451,4
1451,4
1452,1
1453,2
1454,2
1455,1
1456,1
1457,2
1458,3
1458,3
1458,3
1458,3
1458,3
1459,2
1460,2
1461,2
1462,3
1462,3
1462,3
1463,2
1464,2
1465,1
1465,1
1465,1
1465,1
1465,1
1466,0
1466,0
1466,0
1466,0
1466,0
1466,0
1466,0
1466,0
1466,0
1466,0
1467,2
1468,0
1469,0
1470,2
1471,2
1472,2
1473,1
1473,1
1473,1
1473,1
1474,1
1475,3
1475,3
1475,3
1475,3
1475,3
1475,3
1476,0
1476,0
1477,3
1478,1
1479,2
1480,2
1481,2
1482,3
1482,3
1483,0
1483,0
1483,0
1484,0
1485,0
1486,2
1487,1
1487,1
1488,1
1489,4
1489,4
1489,4
1489,4
1489,4
1489,4
1489,4
1489,4
1489,4
1489,4
1489,4
1489,4
1489,4
1489,4
1489,4
1489,4
1490,1
1491,0
1492,1
1493,4
1494,0
1495,1
1496,2
1497,2
1498,2
1499,3
1499,3
1499,3
1499,3
1500,3
1501,0
1502,1
1503,1
1504,2
1505,2
1506,1
1507,1
1508,2
1509,2
1510,2
1511,2
1512,2
1513,2
1514,2
1515,1
1515,1
1515,1
1515,1
1516,1
1517,1
1518,3
1518,3
1518,3
1518,3
1518,3
1518,3
1518,3
1518,3
1519,4
1519,4
1519,4
1519,4
1519,4
1519,4
1519,4
1519,4
1519,4
1519,4
1519,4
1520,1
1521,1
1522,2
1523,2
1524,2
1525,2
1526,2
1527,2
1528,2
1529,2
1530,2
1531,1
1531,1
1531,1
1531,1
1531,1
1532,1
1533,1
1534,1
1535,2
1536,3
1536,3
1536,3
1536,3
1536,3
1536,3
1536,3
1536,3
1536,3
1536,3
1537,4
1537,4
1537,4
1537,4
1537,4
1537,4
1537,4
1537,4
1537,4
1537,4
1538,0
1538,0
1538,0
1538,0
1538,0
1538,0
1538,0
1538,0
1538,0
1538,0
1538,0
1538,0
1538,0
1538,0
1538,0
1538,0
1538,0
1538,0
1539,1
1540,3
1541,4
1542,4
1543,4
1544,2
1545,1
1546,4
1547,1
1548,2
1549,0
1549,0
1550,2
1551,1
1552,3
1552,3
1553,1
1554,2
1555,2
1556,0
1556,0
1556,0
1557,3
1557,3
1558,4
1559,1
1560,0
1561,0
1562,2
1563,2
1564,1
1565,4
1565,4
1566,4
1567,2
1568,3
1568,3
1568,3
1569,2
1570,2
1571,1
1572,0
1572,0
1572,0
1573,4
1573,4
1574,4
1575,0
1576,2
1577,3
1577,3
1577,3
1578,0
1579,2
1580,2
1581,3
1581,3
1582,2
1583,0
1583,0
1584,2
1585,2
1586,2
1587,2
1588,2
1589,2
1590,2
1591,2
1592,0
1592,0
1592,0
1592,0
1592,0
1592,0
1592,0
1592,0
1593,3
1593,3
1593,3
1593,3
1593,3
1593,3
1593,3
1593,3
1593,3
1594,1
1594,1
1594,1
1594,1
1594,1
1594,1
1594,1
1594,1
1594,1
1594,1
1594,1
1594,1
1595,2
1596,2
1597,1
1597,1
1598,3
1598,3
1599,3
1600,2
1601,2
1602,1
1602,1
1603,3
1604,3
1605,2
1606,4
1606,4
1606,4
1606,4
1606,4
1606,4
1606,4
1606,4
1606,4
1606,4
1606,4
1606,4
1606,4
1606,4
1606,4
1606,4
1607,3
1608,4
1609,2
1610,0
1610,0
1610,0
1610,0
1610,0
1610,0
1611,3
1612,1
1612,1
1613,1
1614,2
1615,4
1616,2
1617,2
1618,3
1618,3
1619,1
1619,1
1620,2
1621,1
1622,1
1623,1
1624,1
1625,1
1626,0
1626,0
1626,0
1626,0
1627,0
1628,2
1629,4
1629,4
1629,4
1629,4
1630,2
1631,2
1632,2
1633,0
1633,0
1633,0
1634,1
1635,2
1636,0
1637,1
1638,4
1638,4
1638,4
1638,4
1639,3
1639,3
1639,3
1639,3
1639,3
1639,3
1640,1
1641,2
1642,0
1643,1
1644,0
1645,4
1646,1
1647,1
1648,4
1649,4
1650,2
1651,3
1651,3
1652,2
1653,2
1654,2
1655,1
1656,2
1657,2
1658,2
1659,1
1659,1
1660,3
1660,3
1660,3
1660,3
1660,3
1660,3
1661,0
1661,0
1661,0
1661,0
1661,0
1661,0
1662,2
1663,4
1663,4
1663,4
1663,4
1663,4
1663,4
1664,0
1665,3
1666,1
1667,1
1668,4
1669,1
1670,1
1671,2
1672,3
1673,2
1674,3
1675,3
1676,2
1677,2
1678,2
1679,1
1679,1
1680,3
1680,3
1681,2
1682,3
1683,3
1684,4
1684,4
1684,4
1684,4
1684,4
1685,1
1686,4
1687,2
1688,4
1689,1
1690,1
1691,4
1692,3
1693,1
1694,2
1695,2
1696,1
1697,3
1698,2
1699,2
1700,4
1700,4
1701,4
1702,0
1702,0
1702,0
1702,0
1702,0
1702,0
1702,0
1702,0
1702,0
1702,0
1702,0
1703,3
1703,3
1704,4
1705,4
1706,3
1707,0
1708,1
1709,0
1710,0
1711,1
1712,3
1713,1
1714,0
1715,3
1716,3
1717,2
1718,2
1719,4
1720,2
1721,0
1722,1
1723,3
1724,3
1725,3
1726,1
1727,2
1728,2
1729,4
1730,1
1731,3
1732,1
1733,3
1734,3
1735,2
1736,0
1737,2
1738,4
1738,4
1739,3
1740,3
1741,0
1742,3
1743,3
1744,1
1745,1
1746,3
1747,3
1748,1
1749,3
1750,2
1751,3
1752,3
1753,0
1754,1
1755,3
1756,1
1757,2
1758,1
1759,0
1760,0
1761,2
1762,2
1763,1
1764,1
1765,2
1766,1
1767,3
1768,3
1769,2
1770,2
1771,1
1772,2
1773,2
1774,2
1775,3
1776,4
1776,4
1776,4
1776,4
1776,4
1776,4
1776,4
1776,4
1776,4
1776,4
1777,2
1778,0
1778,0
1778,0
1778,0
1778,0
1778,0
1778,0
1778,0
1779,2
1780,3
1781,1
1781,1
1781,1
1782,3
1783,4
1783,4
1784,0
1785,2
1786,4
1787,2
1788,2
1789,4
1789,4
1790,4
1791,1
1791,1
1791,1
1792,4
1793,2
1794,4
1795,3
1796,0
1796,0
1796,0
1796,0
1797,4
1798,2
1799,2
1800,2
1801,2
1802,4
1803,2
1804,3
1804,3
1805,4
1806,0
1806,0
1806,0
1806,0
1806,0
1807,2
1808,2
1809,3
1809,3
1810,4
1810,4
1811,1
1811,1
1811,1
1811,1
1811,1
1811,1
1811,1
1811,1
1812,0
1812,0
1813,4
1814,4
1815,2
1816,1
1817,2
1818,3
1818,3
1819,1
1820,4
1821,2
1822,4
1823,2
1824,1
1824,1
1825,2
1826,1
1827,0
1827,0
1827,0
1827,0
1827,0
1828,0
1829,2
1830,1
1831,3
1831,3
1831,3
1831,3
1832,1
1833,1
1834,1
1835,2
1836,0
1837,0
1838,3
1839,4
1839,4
1839,4
1840,4
1841,2
1842,3
1843,3
1844,0
1845,0
1846,0
1847,4
1848,4
1849,3
1850,4
1851,1
1852,2
1853,0
1854,2
1855,2
1856,1
1857,2
1858,2
1859,3
1859,3
1859,3
1860,3
1861,2
1862,3
1863,1
1863,1
1863,1
1864,2
1865,3
1866,3
1867,2
1868,2
1869,2
1870,1
1870,1
1870,1
1870,1
1871,1
1872,2
1873,1
1874,1
1875,2
1876,1
1877,2
1878,1
1879,2
1880,2
1881,3
1881,3
1881,3
1881,3
1881,3
1881,3
1882,2
1883,2
1884,1
1884,1
1885,2
1886,2
1887,3
1887,3
1887,3
1887,3
1888,0
1888,0
1888,0
1888,0
1888,0
1888,0
1888,0
1888,0
1888,0
1888,0
1888,0
1888,0
1888,0
1888,0
1888,0
1889,2
1890,2
1891,2
1892,3
1892,3
1892,3
1893,3
1894,2
1895,1
1895,1
1895,1
1895,1
1895,1
1895,1
1896,4
1896,4
1896,4
1896,4
1896,4
1896,4
1896,4
1896,4
1896,4
1896,4
1896,4
1896,4
1896,4
1896,4
1896,4
1896,4
1896,4
1896,4
1896,4
1896,4
1897,0
1897,0
1897,0
1897,0
1898,0
1899,1
1900,1
1901,1
1902,4
1903,2
1904,2
1905,2
1906,2
1907,2
1908,3
1908,3
1908,3
1908,3
1908,3
1909,3
1910,2
1911,1
1911,1
1911,1
1912,3
1913,2
1914,2
1915,2
1916,1
1916,1
1916,1
1917,3
1917,3
1918,1
1919,2
1920,0
1920,0
1920,0
1920,0
1920,0
1920,0
1920,0
1920,0
1920,0
1921,4
1921,4
1921,4
1921,4
1921,4
1921,4
1921,4
1921,4
1921,4
1922,4
1923,3
1924,0
1925,2
1926,1
1927,1
1928,2
1929,2
1930,3
1930,3
1930,3
1931,0
1931,0
1932,3
1933,0
1934,1
1935,0
1936,2
1937,3
1938,3
1939,2
1940,3
1941,1
1941,1
1942,2
1943,2
1944,2
1945,2
1946,0
1946,0
1946,0
1946,0
1947,2
1948,3
1948,3
1948,3
1949,2
1950,2
1951,3
1951,3
1952,4
1952,4
1952,4
1952,4
1952,4
1952,4
1952,4
1952,4
1952,4
1952,4
1952,4
1953,2
1954,1
1954,1
1954,1
1954,1
1954,1
1954,1
1954,1
1954,1
1955,2
1956,2
1957,3
1957,3
1957,3
1958,1
1958,1
1959,3
1960,3
1961,1
1962,2
1963,1
1964,4
1964,4
1964,4
1964,4
1965,0
1965,0
1965,0
1965,0
1965,0
1965,0
1965,0
1966,3
1967,2
1968,4
1969,1
1970,4
1971,4
1972,1
1973,0
1974,3
1975,2
1976,1
1977,2
1978,1
1979,1
1980,1
1981,4
1982,3
1983,2
1984,0
1984,0
1984,0
1985,4
1986,3
1987,3
1988,4
1989,0
1990,3
1991,4
1992,0
1993,2
1994,2
1995,3
1996,3
1997,0
1998,0
1999,2
2000,2
2001,4
2002,2
2003,1
2003,1
2004,2
2005,2
2006,3
2006,3
2007,3
2008,2
2009,2
2010,3
2011,2
2012,2
2013,2
2014,2
2015,2
2016,2
2017,0
2017,0
2017,0
2017,0
2017,0
2017,0
2017,0
2017,0
2017,0
2017,0
2017,0
2018,3
2018,3
2018,3
2018,3
2018,3
2018,3
2019,2
2020,3
2021,4
2021,4
2021,4
2021,4
2021,4
2021,4
2021,4
2021,4
2021,4
2021,4
2021,4
2021,4
2022,2
2023,3
2024,1
2024,1
2024,1
2024,1
2024,1
2024,1
2024,1
2024,1
2024,1
2024,1
2024,1
2024,1
2025,3
2026,4
2027,3
2028,0
2028,0
2029,1
2030,2
2031,3
2032,2
2033,1
2034,3
2035,2
2036,3
2037,2
2038,3
2039,0
2039,0
2039,0
2039,0
2040,2
2041,0
2042,3
2043,1
2043,1
2043,1
2044,4
2044,4
2044,4
2044,4
2044,4
2045,0
2046,3
2047,3
2048,0
2049,4
2050,2
2051,3
2052,3
2053,3
2054,3
2055,2
2056,3
2057,2
2058,1
2058,1
2058,1
2059,0
2060,2
2061,2
2062,2
2063,3
2064,1
2064,1
2064,1
2065,4
2065,4
2065,4
2065,4
2065,4
2066,1
2067,0
2067,0
2067,0
2068,3
2069,1
2070,2
2071,2
2072,4
2072,4
2073,1
2074,3
2075,3
2076,1
2077,2
2078,1
2079,2
2080,2
2081,2
2082,2
2083,2
2084,1
2084,1
2084,1
2085,1
2086,2
2087,1
2088,2
2089,2
2090,2
2091,2
2092,1
2092,1
2092,1
2093,1
2094,0
2094,0
2094,0
2094,0
2094,0
2094,0
2094,0
2094,0
2094,0
2094,0
2094,0
2094,0
2094,0
2095,4
2095,4
2095,4
2095,4
2095,4
2095,4
2095,4
2095,4
2095,4
2095,4
2095,4
2096,2
2097,1
2098,3
2098,3
2098,3
2098,3
2098,3
2098,3
2098,3
2099,0
2100,2
2101,2
2102,2
2103,0
2103,0
2103,0
2104,3
2104,3
2104,3
2105,3
2106,3
2107,1
2107,1
2108,3
2109,2
2110,0
2111,2
2112,2
2113,3
2114,3
2115,3
2116,1
2116,1
2116,1
2117,0
2117,0
2118,1
2119,3
2120,3
2121,3
2122,3
2123,0
2124,0
2125,3
2126,3
2127,3
2128,2
2129,3
2130,1
2131,4
2131,4
2131,4
2131,4
2131,4
2131,4
2131,4
2131,4
2132,1
2133,4
2134,2
2135,1
2136,0
2137,4
2138,2
2139,3
2140,2
2141,1
2142,4
2143,3
2144,1
2145,2
2146,0
2146,0
2147,2
2148,2
2149,1
2150,2
2151,1
2152,2
2153,2
2154,1
2154,1
2155,2
2156,3
2157,3
2158,2
2159,2
2160,1
2160,1
2160,1
2161,2
2162,4
2162,4
2162,4
2162,4
2162,4
2162,4
2162,4
2162,4
2162,4
2162,4
2163,4
2164,2
2165,3
2166,2
2167,2
2168,3
2169,3
2170,2
2171,2
2172,2
2173,1
2173,1
2173,1
2173,1
2173,1
2173,1
2173,1
2174,2
2175,1
2176,2
2177,2
2178,2
2179,2
2180,2
2181,1
2181,1
2181,1
2181,1
2181,1
2182,3
2182,3
2182,3
2182,3
2182,3
2182,3
2182,3
2182,3
2183,1
2184,2
2185,2
2186,1
2187,1
2188,0
2188,0
2188,0
2188,0
2188,0
2188,0
2188,0
2188,0
2188,0
2188,0
2188,0
2188,0
2188,0
2188,0
2188,0
2188,0
2188,0
2188,0
2188,0
2188,0
2188,0
2188,0
2188,0
2189,2
2190,2
2191,1
2192,2
2193,2
2194,1
2194,1
2195,2
2196,3
2196,3
2196,3
2196,3
2196,3
2196,3
2196,3
2197,3
2198,2
2199,1
2199,1
2200,4
2200,4
2200,4
2200,4
2200,4
2200,4
2200,4
2200,4
2200,4
2200,4
2200,4
2200,4
2200,4
2200,4
2200,4
2200,4
2200,4
2200,4
2200,4
2201,2
2202,3
2203,1
2204,0
2204,0
2204,0
2204,0
2204,0
2204,0
2204,0
2205,1
2206,1
2207,1
2208,4
2209,2
2210,4
2211,2
2212,1
2213,1
2214,2
2215,3
2215,3
2215,3
2216,2
2217,2
2218,2
2219,2
2220,1
2220,1
2221,3
2221,3
2221,3
2221,3
2222,3
2223,1
2224,2
2225,2
2226,3
2227,3
2228,2
2229,1
2229,1
2230,2
2231,2
2232,1
2232,1
2233,3
2233,3
2234,2
2235,2
2236,2
2237,3
2237,3
2237,3
2238,2
2239,2
2240,2
2241,1
2241,1
2241,1
2241,1
2241,1
2241,1
2242,2
2243,1
2244,2
2245,2
2246,2
2247,2
2248,3
2248,3
2248,3
2248,3
2248,3
2248,3
2248,3
2248,3
2249,2
2250,2
2251,2
2252,2
2253,1
2253,1
2253,1
2253,1
2253,1
2253,1
2253,1
2253,1
2254,2
2255,1
2256,2
2257,3
2257,3
2257,3
2257,3
2257,3
2257,3
2258,2
2259,0
2259,0
2259,0
2259,0
2259,0
2259,0
2259,0
2259,0
2259,0
2259,0
2259,0
2259,0
2259,0
2259,0
2259,0
2259,0
2259,0
2259,0
2259,0
2259,0
2259,0
2259,0
2259,0
2259,0
2259,0
2259,0
2259,0
2259,0
2259,0
2259,0
2260,3
2261,2
2262,3
2263,2
2264,3
2265,3
2266,1
2266,1
2266,1
2266,1
2267,2
2268,4
2268,4
2268,4
2268,4
2268,4
2268,4
2268,4
2268,4
2268,4
2268,4
2268,4
2268,4
2268,4
2268,4
2268,4
2268,4
2268,4
2268,4
2268,4
2268,4
2268,4
2268,4
2268,4
2268,4
2268,4
2268,4
2268,4
2268,4
2268,4
2268,4
2268,4
2268,4
2269,3
2270,2
2271,2
2272,3
2273,1
2273,1
2273,1
2274,3
2275,4
2275,4
2276,2
2277,0
2277,0
2277,0
2277,0
2277,0
2277,0
2278,0
2279,0
2280,0
2281,3
2282,0
2283,4
2284,0
2285,4
2286,4
2287,0
2288,0
2289,2
2290,1
2290,1
2291,1
2292,0
2293,2
2294,0
2295,2
2296,0
2297,1
2298,2
2299,2
2300,2
2301,2
2302,2
2303,1
2303,1
2303,1
2303,1
2303,1
2304,1
2305,3
2305,3
2305,3
2305,3
2305,3
2305,3
2305,3
2306,2
2307,3
2308,1
2309,3
2310,0
2311,0
2312,4
2312,4
2312,4
2312,4
2312,4
2312,4
2312,4
2313,2
2314,3
2315,2
2316,1
2317,3
2318,2
2319,0
2320,1
2321,2
2322,1
2323,3
2324,3
2325,3
2326,4
2326,4
2326,4
2326,4
2327,0
2328,1
2329,1
2330,4
2331,2
2332,2
2333,2
2334,1
2335,2
2336,3
2336,3
2337,3
2338,1
2339,4
2339,4
2339,4
2340,2
2341,2
2342,4
2342,4
2343,2
2344,1
2344,1
2344,1
2345,2
2346,1
2347,3
2347,3
2347,3
2348,3
2349,2
2350,2
2351,0
2351,0
2351,0
2351,0
2351,0
2351,0
2351,0
2351,0
2351,0
2352,4
2352,4
2352,4
2352,4
2353,2
2354,1
2354,1
2354,1
2355,1
2356,0
2357,1
2358,2
2359,3
2359,3
2359,3
2360,2
2361,1
2362,0
2362,0
2363,2
2364,1
2365,2
2366,0
2366,0
2367,1
2368,2
2369,2
2370,3
2370,3
2370,3
2370,3
2370,3
2371,2
2372,1
2372,1
2373,2
2374,2
2375,3
2375,3
2375,3
2376,1
2376,1
2377,3
2378,2
2379,4
2379,4
2379,4
2379,4
2379,4
2379,4
2379,4
2379,4
2379,4
2379,4
2379,4
2380,2
2381,2
2382,3
2382,3
2383,2
2384,2
2385,0
2385,0
2385,0
2385,0
2385,0
2385,0
2385,0
2385,0
2385,0
2385,0
2386,2
2387,3
2387,3
2387,3
2388,2
2389,3
2390,3
2391,1
2391,1
2391,1
2391,1
2391,1
2391,1
2391,1
2392,2
2393,2
2394,4
2394,4
2394,4
2394,4
2394,4
2394,4
2394,4
2394,4
2395,2
2396,2
2397,3
2397,3
2397,3
2398,3
2399,3
2400,1
2400,1
2400,1
2400,1
2401,0
2401,0
2401,0
2401,0
2401,0
2401,0
2402,2
2403,3
2404,3
2405,2
2406,2
2407,1
2407,1
2407,1
2408,3
2409,3
2410,4
2410,4
2410,4
2410,4
2410,4
2411,2
2412,4
2413,1
2414,1
2415,1
2416,4
2417,4
2418,3
2419,0
2419,0
2419,0
2419,0
2420,0
2421,2
2422,0
2423,0
2424,3
2425,3
2426,2
2427,2
2428,3
2429,2
2430,2
2431,2
2432,1
2432,1
2432,1
2432,1
2433,2
2434,0
2434,0
2434,0
2434,0
2435,2
2436,4
2436,4
2436,4
2436,4
2436,4
2436,4
2437,2
2438,3
2438,3
2438,3
2439,1
2439,1
2439,1
2440,1
2441,2
2442,2
2443,3
2443,3
2444,2
2445,0
2445,0
2445,0
2445,0
2445,0
2446,2
2447,1
2447,1
2447,1
2448,2
2449,2
2450,3
2450,3
2450,3
2450,3
2451,2
2452,2
2453,3
2453,3
2454,1
2454,1
2454,1
2454,1
2455,3
2456,2
2457,1
2458,2
2459,2
2460,2
2461,2
2462,2
2463,2
2464,2
2465,1
2465,1
2465,1
2465,1
2465,1
2465,1
2465,1
2466,2
2467,4
2467,4
2467,4
2467,4
2467,4
2467,4
2467,4
2467,4
2467,4
2467,4
2467,4
2467,4
2467,4
2467,4
2467,4
2467,4
2467,4
2467,4
2468,1
2469,2
2470,0
2470,0
2470,0
2470,0
2470,0
2470,0
2470,0
2470,0
2470,0
2470,0
2470,0
2470,0
2470,0
2470,0
2470,0
2471,1
2472,3
2472,3
2472,3
2472,3
2472,3
2472,3
2472,3
2472,3
2472,3
2473,2
2474,0
2475,2
2476,2
2477,0
2477,0
2478,1
2478,1
2478,1
2479,3
2479,3
2479,3
2480,2
2481,1
2482,1
2483,2
2484,4
2484,4
2484,4
2484,4
2484,4
2484,4
2485,1
2486,2
2487,2
2488,3
2488,3
2488,3
2488,3
2489,0
2489,0
2489,0
2489,0
2490,3
2491,3
2492,3
2493,2
2494,1
2494,1
2495,3
2496,3
2497,3
2498,0
2499,3
2500,3
2501,2
2502,3
2503,3
2504,1
2505,3
2506,2
2507,2
2508,3
2509,2
2510,2
2511,2
2512,2
2513,1
2513,1
2513,1
2513,1
2513,1
2513,1
2514,2
2515,2
2516,2
2517,2
2518,2
2519,4
2519,4
2519,4
2519,4
2519,4
2519,4
2519,4
2519,4
2519,4
2519,4
2519,4
2519,4
2519,4
2519,4
2519,4
2520,3
2521,3
2522,1
2522,1
2522,1
2522,1
2522,1
2523,0
2523,0
2523,0
2523,0
2523,0
2523,0
2523,0
2523,0
2523,0
2523,0
2523,0
2523,0
2524,1
2525,4
2526,4
2527,2
2528,1
2529,3
2530,2
2531,2
2532,2
2533,2
2534,2
2535,1
2535,1
2535,1
2535,1
2536,3
2536,3
2536,3
2536,3
2537,2
2538,2
2539,3
2539,3
2540,2
2541,2
2542,3
2542,3
2543,3
2544,4
2544,4
2544,4
2544,4
2544,4
2544,4
2544,4
2544,4
2545,3
2546,1
2546,1
2546,1
2546,1
2547,1
2548,4
2549,3
2550,1
2551,2
2552,3
2553,3
2554,1
2555,1
2556,3
2557,1
2558,3
2559,0
2559,0
2559,0
2559,0
2559,0
2559,0
2559,0
2559,0
2559,0
2559,0
2559,0
2560,0
2561,3
2562,0
2563,4
2564,2
2565,2
2566,3
2567,1
2568,4
2569,1
2570,2
2571,2
2572,3
2573,1
2574,2
2575,1
2576,1
2577,2
2578,1
2579,1
2580,2
2581,1
2582,3
2583,3
2584,1
2585,2
2586,2
2587,2
2588,2
2589,3
2590,2
2591,3
2592,2
2593,1
2594,0
2594,0
2594,0
2594,0
2594,0
2594,0
2594,0
2594,0
2594,0
2594,0
2594,0
2595,2
2596,2
2597,4
2597,4
2597,4
2597,4
2597,4
2597,4
2597,4
2597,4
2597,4
2597,4
2597,4
2597,4
2597,4
2598,1
2599,2
2600,2
2601,3
2601,3
2601,3
2601,3
2602,2
2603,2
2604,3
2604,3
2605,2
2606,3
2607,3
2608,4
2608,4
2608,4
2608,4
2608,4
2609,2
2610,3
2611,2
2612,1
2612,1
2612,1
2612,1
2612,1
2612,1
2612,1
2613,2
2614,0
2614,0
2614,0
2614,0
2614,0
2614,0
2614,0
2614,0
2614,0
2614,0
2615,3
2616,4
2616,4
2616,4
2617,0
2618,2
2619,4
2620,1
2620,1
2621,2
2622,2
2623,1
2623,1
2624,2
2625,3
2625,3
2625,3
2625,3
2626,1
2627,2
2628,1
2629,2
2630,0
2630,0
2630,0
2630,0
2630,0
2631,2
2632,1
2632,1
2633,1
2634,2
2635,3
2635,3
2635,3
2635,3
2636,2
2637,3
2638,3
2639,0
2639,0
2639,0
2640,2
2641,2
2642,2
2643,2
2644,1
2644,1
2644,1
2644,1
2644,1
2645,3
2645,3
2645,3
2646,1
2647,2
2648,2
2649,1
2650,3
2650,3
2651,0
2651,0
2651,0
2651,0
2651,0
2651,0
2652,4
2652,4
2652,4
2652,4
2652,4
2652,4
2652,4
2652,4
2652,4
2652,4
2652,4
2652,4
2652,4
2652,4
2653,4
2654,4
2655,2
2656,3
2657,2
2658,0
2658,0
2659,3
2660,3
2661,2
2662,2
2663,3
2664,2
2665,2
2666,1
2666,1
2666,1
2666,1
2666,1
2666,1
2667,1
2668,1
2669,2
2670,0
2670,0
2670,0
2670,0
2670,0
2671,4
2671,4
2671,4
2671,4
2671,4
2672,2
2673,2
2674,2
2675,2
2676,2
2677,1
2677,1
2677,1
2677,1
2678,2
2679,2
2680,2
2681,3
2681,3
2681,3
2681,3
2681,3
2681,3
2681,3
2681,3
2681,3
2681,3
2681,3
2682,2
2683,3
2684,1
2684,1
2684,1
2684,1
2685,3
2686,3
2687,2
2688,1
2689,3
2690,2
2691,0
2691,0
2691,0
2691,0
2691,0
2691,0
2691,0
2691,0
2691,0
2691,0
2691,0
2692,3
2693,0
2694,0
2695,2
2696,0
2697,1
2697,1
2698,2
2699,2
2700,3
2701,3
2702,2
2703,1
2703,1
2703,1
2704,1
2705,0
2706,2
2707,0
2708,1
2709,0
2710,1
2711,3
2712,2
2713,4
2713,4
2713,4
2713,4
2713,4
2713,4
2713,4
2713,4
2713,4
2713,4
2713,4
2713,4
2713,4
2713,4
2713,4
2713,4
2713,4
2714,4
2715,4
2716,0
2717,1
2718,0
2719,1
2720,2
2721,3
2721,3
2722,1
2723,4
2724,2
2725,3
2726,3
2727,3
2728,1
2729,2
2730,2
2731,2
2732,2
2733,2
2734,2
2735,2
2736,2
2737,2
2738,1
2738,1
2738,1
2738,1
2738,1
2738,1
2739,3
2739,3
2739,3
2739,3
2739,3
2739,3
2739,3
2740,1
2741,3
2742,2
2743,2
2744,3
2745,2
2746,3
2747,4
2747,4
2747,4
2747,4
2747,4
2747,4
2747,4
2747,4
2747,4
2747,4
2747,4
2748,2
2749,2
2750,3
2750,3
2751,2
2752,2
2753,1
2753,1
2753,1
2753,1
2753,1
2753,1
2754,1
2755,1
2756,2
2757,3
2757,3
2757,3
2758,2
2759,1
2760,4
2760,4
2760,4
2760,4
2760,4
2760,4
2761,1
2762,0
2762,0
2762,0
2762,0
2762,0
2762,0
2762,0
2762,0
2762,0
2762,0
2762,0
2762,0
2762,0
2762,0
2762,0
2762,0
2762,0
2762,0
2763,2
2764,0
2765,1
2766,2
2767,1
2768,2
2769,3
2769,3
2769,3
2769,3
2770,3
2771,1
2772,2
2773,2
2774,2
2775,1
2776,3
2776,3
2777,2
2778,2
2779,0
2779,0
2779,0
2779,0
2779,0
2779,0
2779,0
2780,2
2781,3
2781,3
2781,3
2782,3
2783,2
2784,3
2785,4
2785,4
2785,4
2785,4
2785,4
2785,4
2785,4
2785,4
2785,4
2785,4
2786,4
2787,2
2788,3
2789,1
2789,1
2789,1
2789,1
2789,1
2790,1
2791,1
2792,2
2793,1
2794,1
2795,1
2796,1
2797,2
2798,1
2799,2
2800,2
2801,2
2802,2
2803,1
2804,2
2805,2
2806,2
2807,2
2808,3
2808,3
2808,3
2808,3
2808,3
2808,3
2808,3
2808,3
2808,3
2809,2
2810,3
2811,0
2811,0
2811,0
2811,0
2811,0
2811,0
2811,0
2811,0
2811,0
2811,0
2811,0
2811,0
2811,0
2811,0
2812,1
2812,1
2812,1
2813,3
2814,0
2815,2
2816,0
2817,0
2818,2
2819,1
2819,1
2820,2
2821,2
2822,3
2822,3
2822,3
2823,1
2823,1
2824,1
2825,2
2826,0
2826,0
2827,2
2828,1
2829,2
2830,1
2831,4
2831,4
2831,4
2831,4
2831,4
2831,4
2831,4
2831,4
2831,4
2831,4
2831,4
2831,4
2831,4
2831,4
2831,4
2831,4
2831,4
2831,4
2832,0
2832,0
2833,4
2834,4
2835,3
2835,3
2835,3
2836,1
2837,0
2838,0
2839,2
2840,1
2841,0
2842,2
2843,2
2844,2
2845,4
2845,4
2846,3
2846,3
2846,3
2846,3
2847,0
2848,3
2849,2
2850,2
2851,1
2851,1
2851,1
2851,1
2852,1
2853,2
2854,1
2855,1
2856,4
2856,4
2856,4
2857,1
2858,1
2859,1
2860,3
2860,3
2861,2
2862,2
2863,2
2864,2
2865,2
2866,1
2867,3
2867,3
2867,3
2867,3
2867,3
2868,1
2869,1
2870,2
2871,2
2872,2
2873,2
2874,2
2875,3
2875,3
2875,3
2875,3
2875,3
2876,2
2877,2
2878,2
2879,2
2880,1
2880,1
2880,1
2880,1
2880,1
2880,1
2881,1
2882,3
2882,3
2882,3
2882,3
2883,2
2884,3
2885,2
2886,1
2887,3
2888,1
2889,3
2890,3
2891,1
2892,2
2893,2
2894,2
2895,2
2896,2
2897,1
2897,1
2897,1
2898,2
2899,3
2899,3
2899,3
2899,3
2900,2
2901,3
2902,4
2902,4
2902,4
2902,4
2902,4
2902,4
2902,4
2902,4
2902,4
2902,4
2902,4
2902,4
2902,4
2902,4
2902,4
2902,4
2902,4
2902,4
2902,4
2902,4
2902,4
2902,4
2902,4
2903,4
2904,3
2905,2
2906,4
2907,1
2907,1
2907,1
2908,1
2909,2
2910,2
2911,2
2912,3
2912,3
2912,3
2913,3
2914,2
2915,3
2916,1
2916,1
2916,1
2917,2
2918,0
2918,0
2918,0
2918,0
2918,0
2918,0
2918,0
2918,0
2918,0
2918,0
2918,0
2918,0
2918,0
2918,0
2918,0
2918,0
2918,0
2918,0
2918,0
2918,0
2918,0
2918,0
2918,0
2918,0
2918,0
2918,0
2918,0
2918,0
2918,0
2918,0
2918,0
2918,0
2919,2
2920,2
2921,3
2921,3
2922,3
2923,3
2924,1
2924,1
2924,1
2925,2
2926,2
2927,2
2928,1
2928,1
2928,1
2929,4
2929,4
2929,4
2929,4
2929,4
2929,4
2929,4
2929,4
2929,4
2930,3
2931,2
2932,4
2933,4
2934,3
2935,2
2936,1
2936,1
2937,2
2938,2
2939,2
2940,2
2941,2
2942,2
2943,2
2944,2
2945,2
2946,2
2947,2
2948,2
2949,2
2950,2
2951,2
2952,2
2953,4
2953,4
2953,4
2953,4
2953,4
2953,4
2953,4
2953,4
2953,4
2953,4
2953,4
2953,4
2953,4
2953,4
2953,4
2953,4
2954,2
2955,2
2956,3
2956,3
2956,3
2956,3
2956,3
2956,3
2956,3
2956,3
2956,3
2956,3
2956,3
2956,3
2956,3
2956,3
2956,3
2956,3
2956,3
2956,3
2956,3
2957,3
2958,2
2959,2
2960,2
2961,2
2962,2
2963,2
2964,3
2964,3
2964,3
2964,3
2964,3
2965,2
2966,2
2967,2
2968,1
2968,1
2968,1
2968,1
2968,1
2968,1
2968,1
2968,1
2968,1
2968,1
2968,1
2968,1
2968,1
2968,1
2968,1
2968,1
2968,1
2968,1
2968,1
2968,1
2968,1
2968,1
2968,1
2968,1
2968,1
2968,1
2968,1
2969,2
2970,2
2971,2
2972,2
2973,1
2973,1
2973,1
2973,1
2974,2
2975,0
2975,0
2975,0
2975,0
2975,0
2975,0
2975,0
2975,0
2975,0
2975,0
2975,0
2975,0
2975,0
2975,0
2975,0
2975,0
2975,0
2975,0
2975,0
2975,0
2975,0
2975,0
2975,0
2975,0
2975,0
2975,0
2975,0
2975,0
2975,0
2975,0
2975,0
2975,0
2975,0
2975,0
2975,0
2975,0
2975,0
2975,0
2975,0
2976,3
2976,3
2976,3
2976,3
2976,3
2976,3
2976,3
2976,3
2977,4
2977,4
2977,4
2977,4
2977,4
2977,4
2977,4
2977,4
2977,4
2977,4
2977,4
2977,4
2977,4
2977,4
2977,4
2977,4
2978,2
2979,1
2979,1
2980,0
2981,0
2982,3
2983,1
2984,4
2985,2
2986,3
2987,2
2988,3
2989,2
2990,0
2990,0
2991,2
2992,2
2993,3
2993,3
2993,3
2994,3
2995,1
2995,1
2995,1
2995,1
2996,2
2997,4
2997,4
2997,4
2997,4
2997,4
2997,4
2998,4
2999,4
3000,4
3001,1
3002,4
3003,1
3004,1
3005,2
3006,1
3007,3
3008,2
3009,2
3010,1
3011,3
3011,3
3012,1
3013,2
3014,2
3015,2
3016,2
3017,2
3018,2
3019,2
3020,3
3020,3
3020,3
3020,3
3020,3
3020,3
3020,3
3021,3
3022,2
3023,3
3024,2
3025,2
3026,3
3027,1
3027,1
3027,1
3027,1
3027,1
3027,1
3027,1
3027,1
3028,1
3029,1
3030,2
3031,2
3032,3
3032,3
3033,1
3034,3
3035,1
3036,2
3037,1
3038,2
3039,1
3040,3
3041,2
3042,2
3043,2
3044,1
3045,2
3046,2
3047,3
3047,3
3047,3
3047,3
3047,3
3048,3
3049,3
3050,3
3051,3
3052,2
3053,2
3054,3
3055,2
3056,1
3056,1
3056,1
3056,1
3056,1
3057,2
3058,4
3058,4
3058,4
3058,4
3058,4
3058,4
3058,4
3058,4
3058,4
3058,4
3058,4
3058,4
3058,4
3058,4
3058,4
3058,4
3058,4
3058,4
3058,4
3058,4
3058,4
3058,4
3059,3
3060,2
3061,2
3062,4
3062,4
3063,2
3064,3
3065,1
3065,1
3065,1
3065,1
3066,2
3067,1
3068,2
3069,4
3069,4
3069,4
3070,4
3071,1
3072,0
3072,0
3072,0
3072,0
3072,0
3072,0
3072,0
3072,0
3072,0
3072,0
3072,0
3072,0
3072,0
3072,0
3072,0
3072,0
3072,0
3072,0
3072,0
3072,0
3072,0
3072,0
3072,0
3072,0
3072,0
3072,0
3072,0
3072,0
3072,0
3072,0
3072,0
3072,0
3072,0
3072,0
3073,4
3074,0
3075,2
3076,4
3077,3
3077,3
3077,3
3078,3
3079,0
3080,4
3081,3
3082,0
3083,1
3084,2
3085,0
3086,4
3087,2
3088,2
3089,2
3090,1
3090,1
3090,1
3090,1
3091,3
3091,3
3092,3
3093,1
3094,3
3095,2
3096,3
3097,2
3098,1
3099,1
3100,2
3101,1
3102,2
3103,3
3104,1
3105,2
3106,2
3107,1
3108,2
3109,2
3110,1
3110,1
3111,2
3112,3
3112,3
3112,3
3112,3
3112,3
3113,2
3114,2
3115,3
3115,3
3116,2
3117,2
3118,3
3118,3
3119,3
3120,3
3121,3
3122,1
3122,1
3122,1
3122,1
3122,1
3123,1
3124,2
3125,1
3126,0
3126,0
3126,0
3126,0
3126,0
3126,0
3126,0
3126,0
3126,0
3126,0
3126,0
3126,0
3126,0
3126,0
3126,0
3127,3
3128,2
3129,2
3130,0
3130,0
3131,3
3132,3
3133,3
3134,1
3135,2
3136,3
3137,3
3138,4
3138,4
3138,4
3138,4
3138,4
3138,4
3138,4
3138,4
3138,4
3138,4
3138,4
3138,4
3138,4
3138,4
3138,4
3138,4
3138,4
3139,0
3140,4
3141,3
3142,0
3143,3
3144,2
3145,4
3146,2
3147,1
3147,1
3147,1
3148,3
3149,2
3150,2
3151,1
3151,1
3152,3
3153,3
3154,2
3155,2
3156,2
3157,2
3158,2
3159,3
3160,4
3160,4
3160,4
3160,4
3160,4
3160,4
3160,4
3161,2
3162,2
3163,0
3163,0
3163,0
3163,0
3163,0
3163,0
3163,0
3163,0
3163,0
3163,0
3164,3
3165,1
3165,1
3165,1
3165,1
3165,1
3165,1
3165,1
3166,4
3166,4
3167,4
3168,1
3169,0
3170,3
3171,2
3172,3
3173,1
3174,2
3175,2
3176,2
3177,3
3178,3
3179,1
3179,1
3180,1
3181,1
3182,3
3183,2
3184,1
3185,2
3186,1
3187,2
3188,2
3189,4
3189,4
3189,4
3189,4
3189,4
3189,4
3189,4
3190,2
3191,1
3192,0
3192,0
3192,0
3192,0
3192,0
3192,0
3192,0
3192,0
3193,0
3194,0
3195,3
3195,3
3195,3
3196,2
3197,4
3197,4
3198,1
3199,3
3200,4
3201,2
3202,0
3203,0
3204,3
3205,2
3206,3
3207,2
3208,3
3209,2
3210,1
3210,1
3210,1
3210,1
3211,3
3212,1
3213,2
3214,0
3214,0
3215,2
3216,1
3217,0
3218,0
3219,3
3219,3
3220,2
3221,1
3222,3
3223,1
3224,2
3225,0
3226,3
3227,2
3228,2
3229,2
3230,2
3231,2
3232,2
3233,2
3234,1
3234,1
3234,1
3234,1
3234,1
3234,1
3234,1
3235,2
3236,2
3237,2
3238,2
3239,3
3239,3
3239,3
3239,3
3239,3
3239,3
3239,3
3239,3
3239,3
3239,3
3239,3
3240,2
3241,2
3242,0
3242,0
3242,0
3242,0
3242,0
3242,0
3242,0
3242,0
3242,0
3242,0
3242,0
3242,0
3242,0
3243,3
3243,3
3244,0
3245,2
3246,3
3247,2
3248,3
3249,2
3250,2
3251,3
3251,3
3252,2
3253,3
3254,2
3255,2
3256,2
3257,2
3258,1
3258,1
3258,1
3258,1
3258,1
3258,1
3258,1
3258,1
3258,1
3258,1
3258,1
3258,1
3258,1
3258,1
3258,1
3259,3
3259,3
3259,3
3259,3
3260,3
3261,2
3262,1
3263,1
3264,3
3265,2
3266,2
3267,3
3268,4
3268,4
3268,4
3268,4
3268,4
3268,4
3268,4
3268,4
3268,4
3268,4
3268,4
3268,4
3268,4
3268,4
3268,4
3268,4
3268,4
3268,4
3268,4
3268,4
3268,4
3268,4
3268,4
3268,4
3268,4
3268,4
3268,4
3268,4
3268,4
3268,4
3268,4
3268,4
3269,2
3270,1
3270,1
3271,2
3272,2
3273,0
3273,0
3273,0
3273,0
3273,0
3273,0
3273,0
3273,0
3273,0
3273,0
3273,0
3273,0
3273,0
3273,0
3274,1
3274,1
3275,0
3276,0
3277,3
3277,3
3277,3
3278,1
3279,2
3280,1
3281,1
3282,2
3283,2
3284,4
3284,4
3284,4
3284,4
3284,4
3284,4
3285,2
3286,0
3286,0
3287,3
3287,3
3287,3
3287,3
3288,3
3289,0
3290,4
3291,2
3292,3
3293,3
3294,4
3295,1
3295,1
3296,1
3297,0
3298,1
3299,2
3300,3
3301,2
3302,2
3303,1
3304,1
3305,3
3306,2
3307,1
3308,2
3309,2
3310,0
3310,0
3310,0
3310,0
3310,0
3311,4
3311,4
3311,4
3311,4
3311,4
3311,4
3312,2
3313,0
3314,1
3314,1
3315,2
3316,2
3317,2
3318,1
3318,1
3318,1
3319,2
3320,2
3321,2
3322,2
3323,2
3324,2
3325,2
3326,2
3327,2
3328,2
3329,2
3330,0
3330,0
3330,0
3330,0
3330,0
3330,0
3330,0
3330,0
3330,0
3330,0
3330,0
3330,0
3330,0
3330,0
3331,1
3331,1
3331,1
3331,1
3331,1
3331,1
3331,1
3331,1
3331,1
3331,1
3331,1
3332,2
3333,3
3333,3
3333,3
3333,3
3333,3
3333,3
3333,3
3333,3
3333,3
3333,3
3333,3
3333,3
3333,3
3333,3
3333,3
3333,3
3333,3
3333,3
3334,3
3335,3
3336,2
3337,3
3338,3
3339,1
3339,1
3340,2
3341,2
3342,3
3343,1
3343,1
3344,2
3345,1
3346,3
3347,2
3348,3
3349,4
3349,4
3349,4
3349,4
3349,4
3349,4
3349,4
3349,4
3349,4
3349,4
3349,4
3349,4
3349,4
3349,4
3349,4
3349,4
3349,4
3349,4
3349,4
3349,4
3349,4
3350,1
3351,2
3352,2
3353,1
3353,1
3354,4
3354,4
3355,3
3356,2
3357,3
3358,0
3358,0
3358,0
3358,0
3358,0
3358,0
3358,0
3358,0
3358,0
3359,3
3360,3
3361,3
3362,4
3363,2
3364,1
3364,1
3365,1
3366,2
3367,3
3368,1
3369,0
3369,0
3370,1
3371,2
3372,3
3373,2
3374,1
3375,2
3376,2
3377,2
3378,2
3379,2
3380,2
3381,2
3382,2
3383,2
3384,2
3385,4
3385,4
3385,4
3385,4
3385,4
3385,4
3385,4
3385,4
3385,4
3385,4
3385,4
3385,4
3385,4
3385,4
3386,2
3387,2
3388,2
3389,2
3390,2
3391,2
3392,1
3392,1
3392,1
3392,1
3392,1
3392,1
3392,1
3392,1
3392,1
3392,1
3392,1
3392,1
3392,1
3392,1
3392,1
3393,2
3394,2
3395,1
3395,1
3396,2
3397,2
3398,2
3399,1
3399,1
3399,1
3400,3
3400,3
3400,3
3400,3
3400,3
3400,3
3400,3
3400,3
3400,3
3400,3
3400,3
3400,3
3400,3
3400,3
3400,3
3400,3
3400,3
3400,3
3400,3
3401,3
3402,2
3403,1
3404,2
3405,3
3406,2
3407,3
3408,2
3409,2
3410,1
3410,1
3410,1
3410,1
3411,3
3411,3
3412,4
3412,4
3412,4
3412,4
3412,4
3412,4
3412,4
3412,4
3412,4
3412,4
3412,4
3412,4
3412,4
3412,4
3412,4
3412,4
3413,2
3414,2
3415,1
3415,1
3416,3
3416,3
3417,2
3418,3
3419,3
3420,2
3421,1
3421,1
3422,3
3423,0
3423,0
3423,0
3423,0
3423,0
3423,0
3423,0
3423,0
3423,0
3423,0
3423,0
3423,0
3423,0
3423,0
3423,0
3423,0
3423,0
3423,0
3423,0
3423,0
3423,0
3423,0
3423,0
3423,0
3423,0
3423,0
3423,0
3423,0
3423,0
3423,0
3423,0
3423,0
3424,2
3425,1
3426,4
3426,4
3426,4
3426,4
3426,4
3427,0
3428,4
3429,4
3430,4
3431,1
3432,4
3433,2
3434,0
3435,3
3436,2
3437,3
3438,1
3439,2
3440,3
3441,1
3442,2
3443,4
3444,0
3444,0
3444,0
3445,1
3446,3
3447,0
3448,2
3449,2
3450,2
3451,1
3451,1
3451,1
3452,1
3453,2
3454,3
3454,3
3454,3
3454,3
3455,2
3456,2
3457,2
3458,2
3459,1
3459,1
3459,1
3459,1
3460,4
3460,4
3460,4
3460,4
3460,4
3460,4
3460,4
3461,3
3461,3
3461,3
3461,3
3462,3
3463,1
3464,1
3465,3
3466,2
3467,2
3468,2
3469,2
3470,2
3471,2
3472,2
3473,1
3473,1
3473,1
3473,1
3473,1
3474,2
3475,1
3476,2
3477,3
3477,3
3477,3
3477,3
3477,3
3477,3
3477,3
3478,3
3479,1
3480,3
3481,3
3482,4
3482,4
3482,4
3482,4
3482,4
3482,4
3482,4
3482,4
3482,4
3483,3
3484,1
3485,3
3486,2
3487,1
3488,1
3489,3
3490,2
3491,2
3492,3
3493,3
3494,2
3495,1
3496,2
3497,2
3498,4
3498,4
3498,4
3498,4
3498,4
3498,4
3499,1
3499,1
3500,2
3501,2
3502,3
3503,3
3504,3
3505,0
3505,0
3505,0
3505,0
3505,0
3505,0
3505,0
3505,0
3505,0
3505,0
3505,0
3505,0
3505,0
3505,0
3505,0
3505,0
3505,0
3505,0
3505,0
3505,0
3505,0
3505,0
3505,0
3505,0
3506,3
3507,1
3507,1
3508,1
3509,2
3510,1
3511,2
3512,4
3512,4
3512,4
3512,4
3513,3
3514,2
3515,1
3516,2
3517,2
3518,2
3519,2
3520,2
3521,2
3522,2
3523,2
3524,3
3524,3
3524,3
3524,3
3524,3
3524,3
3525,2
3526,2
3527,2
3528,2
3529,2
3530,2
3531,2
3532,2
3533,2
3534,1
3534,1
3534,1
3534,1
3534,1
3534,1
3534,1
3534,1
3534,1
3534,1
3534,1
3534,1
3534,1
3534,1
3534,1
3534,1
3534,1
3535,2
3536,1
3537,1
3538,2
3539,1
3540,2
3541,1
3542,2
3543,2
3544,2
3545,1
3545,1
3546,2
3547,2
3548,2
3549,2
3550,2
3551,2
3552,2
3553,3
3553,3
3553,3
3553,3
3553,3
3553,3
3553,3
3553,3
3553,3
3553,3
3553,3
3553,3
3553,3
3553,3
3553,3
3553,3
3553,3
3553,3
3553,3
3553,3
3553,3
3553,3
3554,1
3554,1
3554,1
3554,1
3554,1
3554,1
3554,1
3555,3
3556,3
3557,2
3558,2
3559,2
3560,2
3561,3
3561,3
3562,2
3563,3
3564,1
3564,1
3564,1
3564,1
3564,1
3565,2
3566,2
3567,1
3567,1
3568,2
3569,1
3570,1
3571,2
3572,1
3573,2
3574,2
3575,0
3575,0
3575,0
3575,0
3575,0
3575,0
3575,0
3575,0
3575,0
3575,0
3575,0
3575,0
3575,0
3575,0
3575,0
3575,0
3575,0
3575,0
3575,0
3575,0
3575,0
3575,0
3575,0
3575,0
3575,0
3575,0
3575,0
3575,0
3575,0
3575,0
3575,0
3575,0
3575,0
3575,0
3575,0
3575,0
3575,0
3575,0
3575,0
3575,0
3575,0
3575,0
3575,0
3575,0
3576,1
3577,2
3578,2
3579,2
3580,4
3580,4
3580,4
3580,4
3580,4
3580,4
3580,4
3580,4
3580,4
3580,4
3580,4
3580,4
3580,4
3580,4
3580,4
3580,4
3580,4
3580,4
3580,4
3580,4
3580,4
3580,4
3580,4
3580,4
3580,4
3580,4
3580,4
3580,4
3580,4
3580,4
3580,4
3580,4
3580,4
3580,4
3580,4
3580,4
3580,4
3580,4
3580,4
3580,4
3580,4
3580,4
3580,4
3580,4
3580,4
3581,2
3582,2
3583,2
3584,3
3584,3
3584,3
3584,3
3584,3
3584,3
3584,3
3584,3
3584,3
3584,3
3584,3
3584,3
3585,2
3586,0
3586,0
3586,0
3586,0
3586,0
3586,0
3586,0
3587,0
3588,3
3589,3
3590,3
3591,1
3591,1
3591,1
3591,1
3591,1
3591,1
3591,1
3592,1
3593,2
3594,2
3595,3
3596,2
3597,2
3598,2
3599,2
3600,2
3601,3
3601,3
3601,3
3601,3
3602,2
3603,2
3604,1
3604,1
3604,1
3604,1
3604,1
3604,1
3604,1
3604,1
3605,2
3606,2
3607,2
3608,1
3608,1
3608,1
3609,3
3609,3
3609,3
3609,3
3609,3
3610,2
3611,2
3612,2
3613,2
3614,1
3614,1
3614,1
3614,1
3615,2
3616,2
3617,2
3618,2
3619,2
3620,2
3621,2
3622,2
3623,1
3623,1
3623,1
3623,1
3623,1
3623,1
3623,1
3623,1
3624,2
3625,1
3626,2
3627,1
3628,1
3629,2
3630,3
3630,3
3630,3
3630,3
3630,3
3630,3
3630,3
3630,3
3630,3
3630,3
3630,3
3630,3
3630,3
3630,3
3630,3
3631,2
3632,3
3633,2
3634,2
3635,0
3635,0
3635,0
3635,0
3635,0
3635,0
3635,0
3635,0
3635,0
3635,0
3635,0
3635,0
3635,0
3635,0
3635,0
3635,0
3635,0
3635,0
3635,0
3635,0
3635,0
3635,0
3635,0
3635,0
3635,0
3635,0
3635,0
3635,0
3635,0
3636,1
3636,1
3636,1
3637,2
3638,1
3639,2
3640,2
3641,1
3641,1
3642,0
3642,0
3642,0
3643,4
3643,4
3643,4
3643,4
3643,4
3643,4
3643,4
3643,4
3643,4
3643,4
3643,4
3643,4
3643,4
3643,4
3643,4
3643,4
3643,4
3643,4
3643,4
3643,4
3643,4
3643,4
3643,4
3643,4
3643,4
3643,4
3643,4
3643,4
3643,4
3643,4
3643,4
3643,4
3643,4
3643,4
3643,4
3643,4
3643,4
3644,0
3645,2
3646,0
3647,3
3647,3
3647,3
3647,3
3647,3
3647,3
3648,1
3649,0
3650,1
3651,1
3652,3
3653,0
3654,1
3655,3
3656,2
3657,2
3658,2
3659,2
3660,4
3660,4
3660,4
3660,4
3660,4
3661,2
3662,4
3663,2
3664,2
3665,1
3665,1
3665,1
3665,1
3666,2
3667,2
3668,2
3669,2
3670,2
3671,3
3671,3
3671,3
3671,3
3671,3
3671,3
3671,3
3671,3
3671,3
3671,3
3672,2
3673,2
3674,2
3675,2
3676,2
3677,2
3678,2
3679,2
3680,2
3681,3
3681,3
3681,3
3681,3
3681,3
3681,3
3681,3
3681,3
3681,3
3682,2
3683,2
3684,2
3685,2
3686,3
3686,3
3686,3
3686,3
3687,2
3688,2
3689,2
3690,2
3691,2
3692,2
3693,1
3693,1
3693,1
3693,1
3693,1
3693,1
3693,1
3693,1
3693,1
3693,1
3693,1
3693,1
3693,1
3693,1
3693,1
3693,1
3693,1
3693,1
3693,1
3693,1
3693,1
3693,1
3693,1
3693,1
3694,3
3694,3
3694,3
3694,3
3694,3
3694,3
3695,2
3696,1
3697,0
3697,0
3697,0
3697,0
3697,0
3697,0
3697,0
3697,0
3697,0
3697,0
3697,0
3697,0
3697,0
3697,0
3697,0
3697,0
3697,0
3697,0
3697,0
3697,0
3697,0
3697,0
3697,0
3697,0
3697,0
3697,0
3697,0
3697,0
3697,0
3698,2
3699,4
3699,4
3699,4
3699,4
3699,4
3699,4
3699,4
3699,4
3699,4
3699,4
3699,4
3699,4
3699,4
3699,4
3699,4
3699,4
3699,4
3699,4
3699,4
3699,4
3699,4
3699,4
3699,4
3699,4
3699,4
3699,4
3699,4
3699,4
3700,1
3701,3
3701,3
3702,0
3703,2
3704,4
3705,3
3706,2
3707,1
3707,1
3708,4
3709,2
3710,1
3711,1
3712,2
3713,4
3713,4
3714,1
3715,0
3715,0
3715,0
3715,0
3716,2
3717,1
3718,2
3719,3
3719,3
3719,3
3719,3
3719,3
3720,3
3721,2
3722,3
3723,0
3723,0
3723,0
3724,1
3725,4
3725,4
3725,4
3726,2
3727,1
3728,2
3729,2
3730,1
3730,1
3731,3
3731,3
3732,2
3733,2
3734,2
3735,4
3735,4
3735,4
3735,4
3735,4
3735,4
3736,2
3737,2
3738,2
3739,2
3740,3
3740,3
3740,3
3740,3
3740,3
3740,3
3740,3
3741,2
3742,3
3743,2
3744,2
3745,2
3746,2
3747,2
3748,2
3749,2
3750,1
3750,1
3750,1
3750,1
3750,1
3750,1
3750,1
3750,1
3750,1
3750,1
3750,1
3750,1
3750,1
3750,1
3750,1
3751,3
3751,3
3751,3
3751,3
3751,3
3751,3
3751,3
3752,3
3753,2
3754,3
3755,2
3756,2
3757,2
3758,1
3758,1
3758,1
3758,1
3759,2
3760,2
3761,2
3762,2
3763,2
3764,3
3764,3
3764,3
3764,3
3764,3
3764,3
3764,3
3765,1
3765,1
3765,1
3765,1
3765,1
3766,1
3767,2
3768,2
3769,2
3770,3
3770,3
3770,3
3771,2
3772,0
3772,0
3772,0
3772,0
3772,0
3772,0
3772,0
3772,0
3772,0
3772,0
3772,0
3772,0
3772,0
3772,0
3772,0
3772,0
3772,0
3772,0
3772,0
3772,0
3772,0
3772,0
3772,0
3772,0
3772,0
3772,0
3772,0
3772,0
3772,0
3772,0
3772,0
3773,3
3774,0
3775,3
3776,2
3777,2
3778,3
3779,3
3780,2
3781,1
3781,1
3781,1
3781,1
3781,1
3781,1
3782,3
3783,3
3784,3
3785,1
3786,2
3787,1
3788,4
3788,4
3788,4
3788,4
3788,4
3788,4
3788,4
3788,4
3788,4
3788,4
3788,4
3788,4
3788,4
3788,4
3788,4
3788,4
3788,4
3788,4
3788,4
3788,4
3788,4
3788,4
3788,4
3788,4
3788,4
3788,4
3788,4
3788,4
3788,4
3789,3
3790,0
3790,0
3790,0
3791,3
3792,2
3793,3
3794,4
3795,3
3796,3
3797,2
3798,1
3799,2
3800,1
3801,4
3801,4
3802,2
3803,3
3804,3
3805,2
3806,2
3807,3
3808,2
3809,1
3809,1
3809,1
3809,1
3810,2
3811,3
3812,2
3813,2
3814,2
3815,2
3816,2
3817,2
3818,2
3819,2
3820,2
3821,2
3822,2
3823,1
3823,1
3823,1
3823,1
3823,1
3823,1
3823,1
3823,1
3823,1
3823,1
3823,1
3823,1
3824,2
3825,2
3826,1
3826,1
3827,3
3827,3
3827,3
3827,3
3827,3
3827,3
3827,3
3827,3
3827,3
3827,3
3828,2
3829,2
3830,1
3830,1
3831,2
3832,3
3832,3
3832,3
3833,2
3834,2
3835,2
3836,2
3837,2
3838,2
3839,4
3839,4
3839,4
3839,4
3839,4
3839,4
3839,4
3839,4
3839,4
3839,4
3839,4
3839,4
3839,4
3839,4
3839,4
3839,4
3839,4
3839,4
3839,4
3839,4
3839,4
3839,4
3839,4
3839,4
3839,4
3839,4
3839,4
3840,1
3840,1
3840,1
3840,1
3840,1
3840,1
3840,1
3841,0
3841,0
3841,0
3841,0
3841,0
3841,0
3841,0
3841,0
3841,0
3841,0
3841,0
3841,0
3841,0
3841,0
3841,0
3841,0
3841,0
3841,0
3841,0
3841,0
3841,0
3841,0
3841,0
3841,0
3841,0
3841,0
3841,0
3841,0
3841,0
3841,0
3842,4
3843,2
3844,3
3844,3
3844,3
3844,3
3844,3
3844,3
3844,3
3845,2
3846,1
3846,1
3847,1
3848,2
3849,2
3850,2
3851,4
3851,4
3851,4
3851,4
3852,2
3853,1
3853,1
3853,1
3854,1
3855,1
3856,2
3857,1
3858,3
3858,3
3858,3
3858,3
3858,3
3858,3
3859,4
3859,4
3860,3
3861,4
3862,3
3863,2
3864,2
3865,2
3866,0
3866,0
3866,0
3866,0
3866,0
3866,0
3866,0
3866,0
3866,0
3866,0
3867,1
3868,0
3869,2
3870,2
3871,3
3871,3
3871,3
3872,0
3873,3
3874,2
3875,2
3876,2
3877,2
3878,2
3879,2
3880,2
3881,3
3881,3
3881,3
3881,3
3881,3
3881,3
3882,3
3883,1
3883,1
3883,1
3883,1
3883,1
3883,1
3883,1
3883,1
3883,1
3884,2
3885,2
3886,2
3887,2
3888,2
3889,2
3890,2
3891,3
3891,3
3891,3
3891,3
3891,3
3891,3
3892,2
3893,2
3894,1
3894,1
3894,1
3894,1
3894,1
3894,1
3894,1
3894,1
3894,1
3895,3
3895,3
3896,2
3897,2
3898,2
3899,2
3900,2
3901,2
3902,2
3903,2
3904,2
3905,2
3906,3
3906,3
3906,3
3906,3
3906,3
3906,3
3906,3
3906,3
3906,3
3906,3
3907,2
3908,3
3909,2
3910,2
3911,1
3911,1
3911,1
3911,1
3911,1
3911,1
3911,1
3911,1
3911,1
3911,1
3911,1
3911,1
3911,1
3912,1
3913,3
3913,3
3914,1
3915,1
3916,3
3917,2
3918,1
3919,2
3920,1
3921,1
3922,3
3923,3
3924,2
3925,3
3926,4
3926,4
3926,4
3926,4
3926,4
3926,4
3926,4
3926,4
3926,4
3926,4
3926,4
3926,4
3926,4
3926,4
3926,4
3926,4
3926,4
3926,4
3926,4
3926,4
3926,4
3926,4
3926,4
3926,4
3926,4
3926,4
3926,4
3926,4
3926,4
3926,4
3926,4
3926,4
3926,4
3926,4
3926,4
3926,4
3927,1
3928,2
3929,3
3930,2
3931,1
3932,3
3933,0
3933,0
3933,0
3933,0
3933,0
3933,0
3933,0
3933,0
3933,0
3933,0
3933,0
3933,0
3933,0
3933,0
3933,0
3933,0
3933,0
3933,0
3933,0
3933,0
3933,0
3933,0
3933,0
3933,0
3933,0
3933,0
3933,0
3933,0
3933,0
3933,0
3933,0
3933,0
3933,0
3933,0
3934,4
3934,4
3935,2
3936,2
3937,0
3937,0
3938,2
3939,0
3940,2
3941,3
3941,3
3941,3
3942,1
3943,2
3944,3
3945,2
3946,1
3946,1
3947,2
3948,2
3949,3
3949,3
3949,3
3950,2
3951,2
3952,2
3953,2
3954,2
3955,2
3956,2
3957,2
3958,2
3959,1
3959,1
3959,1
3959,1
3959,1
3959,1
3959,1
3959,1
3959,1
3959,1
3959,1
3960,2
3961,2
3962,2
3963,3
3963,3
3963,3
3963,3
3963,3
3963,3
3963,3
3963,3
3963,3
3963,3
3963,3
3963,3
3964,1
3964,1
3964,1
3965,1
3966,2
3967,3
3968,2
3969,2
3970,2
3971,1
3971,1
3971,1
3972,2
3973,2
3974,2
3975,2
3976,2
3977,2
3978,2
3979,2
3980,2
3981,2
3982,2
3983,2
3984,1
3984,1
3984,1
3984,1
3984,1
3984,1
3984,1
3984,1
3984,1
3984,1
3984,1
3984,1
3985,3
3985,3
3985,3
3985,3
3985,3
3985,3
3985,3
3985,3
3985,3
3985,3
3985,3
3985,3
3985,3
3985,3
3985,3
3986,2
3987,4
3987,4
3987,4
3987,4
3987,4
3987,4
3987,4
3987,4
3987,4
3987,4
3987,4
3987,4
3987,4
3987,4
3987,4
3987,4
3987,4
3987,4
3987,4
3987,4
3987,4
3987,4
3987,4
3987,4
3987,4
3987,4
3987,4
3987,4
3987,4
3987,4
3987,4
3987,4
3987,4
3987,4
3987,4
3987,4
3987,4
3988,2
3989,0
3989,0
3989,0
3989,0
3989,0
3989,0
3989,0
3989,0
3989,0
3989,0
3989,0
3989,0
3989,0
3989,0
3989,0
3989,0
3989,0
3989,0
3989,0
3989,0
3989,0
3989,0
3989,0
3989,0
3989,0
3989,0
3989,0
3989,0
3989,0
3989,0
3989,0
3989,0
3989,0
3989,0
3989,0
3990,4
3991,2
3992,2
3993,2
3994,2
3995,3
3995,3
3995,3
3995,3
3995,3
3995,3
3996,1
3996,1
3996,1
3996,1
3996,1
3996,1
3997,2
3998,3
3999,2
4000,3
4001,1
4001,1
4002,3
4003,3
4004,1
4005,0
4005,0
4005,0
4005,0
4005,0
4005,0
4006,3
4007,2
4008,4
4008,4
4008,4
4008,4
4008,4
4008,4
4008,4
4009,2
4010,3
4011,2
4012,4
4012,4
4013,1
4013,1
4014,2
4015,3
4016,2
4017,2
4018,3
4019,3
4020,2
4021,2
4022,2
4023,2
4024,3
4024,3
4024,3
4025,2
4026,2
4027,2
4028,2
4029,2
4030,2
4031,2
4032,3
4032,3
4032,3
4032,3
4032,3
4032,3
4032,3
4033,2
4034,1
4034,1
4034,1
4034,1
4034,1
4034,1
4034,1
4034,1
4034,1
4034,1
4034,1
4034,1
4034,1
4034,1
4034,1
4035,3
4036,1
4037,3
4038,1
4039,2
4040,2
4041,3
4042,2
4043,2
4044,2
4045,2
4046,3
4046,3
4046,3
4046,3
4047,2
4048,2
4049,1
4049,1
4049,1
4049,1
4049,1
4049,1
4050,2
4051,2
4052,2
4053,1
4053,1
4053,1
4054,2
4055,3
4055,3
4055,3
4055,3
4055,3
4055,3
4056,2
4057,0
4057,0
4057,0
4057,0
4057,0
4057,0
4057,0
4057,0
4057,0
4057,0
4057,0
4057,0
4057,0
4057,0
4057,0
4057,0
4057,0
4057,0
4057,0
4057,0
4057,0
4057,0
4057,0
4057,0
4057,0
4057,0
4057,0
4057,0
4057,0
4057,0
4057,0
4058,1
4058,1
4059,1
4060,3
4061,2
4062,2
4063,2
4064,2
4065,3
4065,3
4065,3
4065,3
4066,0
4066,0
4066,0
4066,0
4067,2
4068,4
4068,4
4068,4
4068,4
4068,4
4068,4
4068,4
4068,4
4068,4
4068,4
4068,4
4068,4
4068,4
4068,4
4068,4
4068,4
4068,4
4068,4
4068,4
4068,4
4068,4
4068,4
4068,4
4068,4
4068,4
4068,4
4068,4
4068,4
4068,4
4068,4
4068,4
4068,4
4068,4
4069,4
4070,4
4071,2
4072,1
4072,1
4072,1
4072,1
4072,1
4073,1
4074,0
4074,0
4075,4
4076,2
4077,4
4078,1
4079,1
4080,3
4080,3
4080,3
4081,4
4082,2
4083,1
4084,2
4085,2
4086,2
4087,3
4087,3
4087,3
4087,3
4088,0
4088,0
4088,0
4088,0
4088,0
4089,4
4090,2
4091,4
4092,2
4093,2
4094,2
4095,2
4096,2
4097,3
4097,3
4097,3
4097,3
4097,3
4097,3
4098,2
4099,2
4100,2
4101,1
4101,1
4101,1
4101,1
4101,1
4101,1
4101,1
4101,1
4101,1
4101,1
4102,2
4103,2
4104,3
4104,3
4104,3
4104,3
4104,3
4105,2
4106,1
4106,1
4106,1
4107,3
4108,3
4109,2
4110,1
4111,3
4112,1
4113,2
4114,2
4115,2
4116,2
4117,2
4118,2
4119,2
4120,2
4121,3
4121,3
4121,3
4121,3
4121,3
4121,3
4121,3
4122,2
4123,2
4124,1
4124,1
4124,1
4124,1
4124,1
4124,1
4124,1
4124,1
4124,1
4125,2
4126,4
4126,4
4126,4
4126,4
4126,4
4126,4
4126,4
4126,4
4126,4
4126,4
4126,4
4126,4
4126,4
4126,4
4126,4
4126,4
4126,4
4126,4
4126,4
4126,4
4126,4
4126,4
4126,4
4127,1
4128,2
4129,2
4130,4
4130,4
4131,2
4132,1
4132,1
4132,1
4133,4
4134,2
4135,2
4136,2
4137,2
4138,1
4138,1
4138,1
4138,1
4139,0
4139,0
4139,0
4139,0
4139,0
4139,0
4139,0
4139,0
4139,0
4139,0
4139,0
4139,0
4139,0
4139,0
4139,0
4139,0
4139,0
4139,0
4139,0
4139,0
4139,0
4139,0
4139,0
4139,0
4139,0
4139,0
4139,0
4139,0
4139,0
4139,0
4139,0
4140,3
4140,3
4140,3
4140,3
4140,3
4140,3
4140,3
4140,3
4140,3
4140,3
4141,0
4142,1
4143,0
4144,4
4144,4
4144,4
4144,4
4145,1
4146,0
4147,1
4148,2
4149,2
4150,1
4151,2
4152,1
4153,2
4154,4
4154,4
4154,4
4154,4
4155,2
4156,2
4157,2
4158,2
4159,4
4159,4
4159,4
4159,4
4160,0
4160,0
4160,0
4160,0
4160,0
4161,2
4162,2
4163,2
4164,4
4164,4
4164,4
4165,3
4165,3
4165,3
4165,3
4165,3
4165,3
4165,3
4165,3
4165,3
4165,3
4165,3
4166,3
4167,1
4167,1
4167,1
4167,1
4167,1
4167,1
4168,3
4169,2
4170,2
4171,2
4172,0
4172,0
4172,0
4172,0
4172,0
4172,0
4173,2
4174,3
4174,3
4175,1
4175,1
4175,1
4175,1
4176,3
4177,2
4178,3
4179,2
4180,0
4180,0
4180,0
4181,3
4182,1
4182,1
4183,2
4184,1
4185,2
4186,2
4187,1
4187,1
4188,3
4188,3
4189,3
4190,2
4191,2
4192,2
4193,2
4194,2
4195,3
4195,3
4195,3
4195,3
4196,2
4197,4
4197,4
4197,4
4197,4
4197,4
4197,4
4197,4
4197,4
4197,4
4197,4
4197,4
4197,4
4197,4
4197,4
4197,4
4198,0
4198,0
4198,0
4198,0
4198,0
4198,0
4198,0
4198,0
4198,0
4199,1
4199,1
4199,1
4199,1
4199,1
4199,1
4200,4
4201,2
4202,2
4203,2
4204,2
4205,2
4206,4
4206,4
4206,4
4206,4
4207,2
4208,1
4208,1
4208,1
4208,1
4208,1
4208,1
4209,3
4209,3
4209,3
4209,3
4209,3
4209,3
4209,3
4210,2
4211,3
4212,0
4212,0
4212,0
4212,0
4212,0
4212,0
4212,0
4213,1
4214,2
4215,4
4215,4
4215,4
4216,4
4217,2
4218,4
4219,1
4219,1
4220,1
4221,2
4222,1
4223,4
4224,1
4225,3
4225,3
4225,3
4226,1
4227,4
4228,2
4229,1
4230,2
4231,3
4231,3
4232,3
4233,1
4234,2
4235,2
4236,0
4236,0
4236,0
4236,0
4236,0
4236,0
4236,0
4237,1
4238,3
4239,2
4240,3
4241,2
4242,2
4243,3
4243,3
4244,2
4245,2
4246,2
4247,2
4248,2
4249,2
4250,3
4250,3
4250,3
4250,3
4250,3
4250,3
4251,2
4252,3
4253,2
4254,2
4255,2
4256,3
4256,3
4256,3
4257,2
4258,1
4258,1
4258,1
4258,1
4258,1
4258,1
4258,1
4258,1
4258,1
4258,1
4258,1
4258,1
4259,2
4260,2
4261,2
4262,2
4263,2
4264,2
4265,2
4266,2
4267,2
4268,1
4268,1
4268,1
4268,1
4268,1
4268,1
4268,1
4268,1
4268,1
4269,1
4270,1
4271,0
4271,0
4271,0
4271,0
4271,0
4271,0
4271,0
4271,0
4271,0
4271,0
4271,0
4271,0
4271,0
4271,0
4271,0
4271,0
4271,0
4271,0
4271,0
4271,0
4271,0
4271,0
4271,0
4272,2
4273,2
4274,2
4275,2
4276,2
4277,1
4277,1
4277,1
4278,3
4278,3
4278,3
4278,3
4278,3
4278,3
4278,3
4278,3
4278,3
4278,3
4278,3
4278,3
4278,3
4278,3
4278,3
4279,2
4280,3
4281,2
4282,1
4282,1
4283,3
4284,2
4285,1
4286,3
4287,1
4288,4
4288,4
4288,4
4288,4
4288,4
4288,4
4288,4
4288,4
4288,4
4288,4
4288,4
4288,4
4288,4
4288,4
4288,4
4288,4
4288,4
4288,4
4288,4
4288,4
4288,4
4288,4
4288,4
4288,4
4288,4
4288,4
4288,4
4288,4
4288,4
4288,4
4288,4
4288,4
4288,4
4289,1
4290,2
4291,2
4292,2
4293,3
4293,3
4293,3
4294,2
4295,4
4295,4
4295,4
4295,4
4296,2
4297,1
4297,1
4297,1
4298,1
4299,3
4299,3
4300,3
4301,1
4302,2
4303,0
4303,0
4303,0
4303,0
4303,0
4303,0
4303,0
4303,0
4303,0
4303,0
4303,0
4303,0
4303,0
4303,0
4304,2
4305,2
4306,2
4307,1
4307,1
4308,1
4309,2
4310,2
4311,3
4311,3
4311,3
4311,3
4311,3
4312,3
4313,2
4314,2
4315,2
4316,2
4317,2
4318,2
4319,2
4320,2
4321,2
4322,2
4323,3
4323,3
4323,3
4323,3
4323,3
4323,3
4323,3
4323,3
4323,3
4324,1
4324,1
4324,1
4324,1
4324,1
4324,1
4324,1
4324,1
4324,1
4324,1
4324,1
4325,3
4326,2
4327,1
4328,3
4329,2
4330,1
4331,1
4332,2
4333,2
4334,2
4335,2
4336,2
4337,2
4338,3
4338,3
4338,3
4338,3
4338,3
4338,3
4339,0
4339,0
4339,0
4339,0
4339,0
4339,0
4339,0
4339,0
4339,0
4339,0
4339,0
4339,0
4339,0
4339,0
4339,0
4339,0
4339,0
4339,0
4339,0
4339,0
4339,0
4339,0
4339,0
4340,3
4341,0
4342,2
4343,1
4343,1
4343,1
4343,1
4343,1
4343,1
4344,2
4345,4
4345,4
4345,4
4345,4
4345,4
4345,4
4345,4
4345,4
4345,4
4345,4
4345,4
4345,4
4345,4
4345,4
4345,4
4345,4
4345,4
4345,4
4345,4
4345,4
4345,4
4345,4
4345,4
4345,4
4345,4
4345,4
4345,4
4346,1
4347,2
4348,1
4349,2
4350,2
4351,2
4352,2
4353,2
4354,3
4354,3
4354,3
4354,3
4354,3
4354,3
4354,3
4355,3
4356,3
4357,3
4358,1
4358,1
4358,1
4358,1
4358,1
4359,2
4360,2
4361,3
4362,0
4362,0
4362,0
4362,0
4362,0
4362,0
4362,0
4362,0
4362,0
4363,0
4364,3
4365,2
4366,2
4367,1
4367,1
4367,1
4367,1
4368,1
4369,1
4370,2
4371,3
4372,1
4373,3
4374,2
4375,1
4376,3
4377,1
4378,1
4379,1
4380,3
4381,1
4382,2
4383,3
4384,2
4385,2
4386,2
4387,2
4388,2
4389,2
4390,2
4391,3
4391,3
4391,3
4391,3
4392,2
4393,2
4394,2
4395,1
4395,1
4395,1
4395,1
4395,1
4396,2
4397,1
4398,2
4399,3
4399,3
4399,3
4399,3
4399,3
4400,0
4400,0
4400,0
4400,0
4400,0
4400,0
4400,0
4400,0
4400,0
4400,0
4400,0
4400,0
4400,0
4400,0
4400,0
4400,0
4401,2
4402,2
4403,2
4404,2
4405,3
4405,3
4405,3
4405,3
4406,1
4406,1
4406,1
4406,1
4406,1
4407,2
4408,3
4409,2
4410,2
4411,1
4411,1
4411,1
4412,1
4413,1
4414,1
4415,0
4415,0
4415,0
4415,0
4415,0
4415,0
4415,0
4416,0
4417,2
4418,1
4419,4
4419,4
4419,4
4419,4
4419,4
4419,4
4419,4
4419,4
4419,4
4419,4
4419,4
4419,4
4419,4
4419,4
4419,4
4419,4
4419,4
4419,4
4419,4
4419,4
4419,4
4419,4
4419,4
4419,4
4419,4
4419,4
4419,4
4419,4
4419,4
4419,4
4419,4
4419,4
4419,4
4420,4
4421,1
4422,1
4423,2
4424,3
4424,3
4424,3
4424,3
4425,1
4426,2
4427,1
4428,2
4429,3
4429,3
4430,2
4431,3
4432,4
4432,4
4432,4
4433,4
4434,3
4435,1
4436,3
4437,1
4438,0
4438,0
4438,0
4438,0
4439,2
4440,0
4441,3
4442,1
4443,3
4444,1
4445,3
4446,1
4447,3
4448,1
4449,2
4450,2
4451,2
4452,2
4453,1
4454,1
4455,2
4456,1
4457,2
4458,2
4459,2
4460,2
4461,2
4462,2
4463,2
4464,2
4465,4
4465,4
4465,4
4465,4
4465,4
4465,4
4465,4
4465,4
4465,4
4465,4
4465,4
4465,4
4465,4
4466,1
4466,1
4467,2
4468,1
4469,2
4470,3
4470,3
4470,3
4470,3
4470,3
4470,3
4470,3
4470,3
4470,3
4470,3
4471,1
4472,2
4473,2
4474,2
4475,2
4476,2
4477,1
4477,1
4477,1
4477,1
4477,1
4478,2
4479,2
4480,3
4480,3
4480,3
4480,3
4480,3
4480,3
4480,3
4481,2
4482,2
4483,2
4484,2
4485,2
4486,2
4487,1
4487,1
4487,1
4487,1
4487,1
4487,1
4487,1
4487,1
4488,1
4489,4
4489,4
4489,4
4489,4
4489,4
4489,4
4489,4
4489,4
4489,4
4489,4
4489,4
4489,4
4489,4
4489,4
4489,4
4490,0
4490,0
4490,0
4490,0
4490,0
4490,0
4490,0
4490,0
4490,0
4490,0
4490,0
4490,0
4490,0
4490,0
4490,0
4490,0
4490,0
4490,0
4490,0
4490,0
4490,0
4490,0
4490,0
4490,0
4490,0
4490,0
4490,0
4490,0
4491,3
4491,3
4491,3
4491,3
4491,3
4491,3
4492,2
4493,1
4494,0
4495,3
4496,2
4497,0
4498,1
4499,1
4500,2
